q(A-1)	I(q)20230413_0_00013.edf{0}_circles_24_division_ExposureTime	Sig(q)20230413_0_00013.edf{0}_circles_24	2Theta(degrees)
0.00000	nan	nan	0.00000
0.00028	nan	nan	0.00396
0.00056	nan	nan	0.00791
0.00084	nan	nan	0.01187
0.00113	nan	nan	0.01583
0.00141	nan	nan	0.01978
0.00169	nan	nan	0.02374
0.00197	nan	nan	0.02770
0.00225	nan	nan	0.03165
0.00253	nan	nan	0.03561
0.00281	nan	nan	0.03957
0.00310	nan	nan	0.04352
0.00338	nan	nan	0.04748
0.00366	nan	nan	0.05144
0.00394	nan	nan	0.05539
0.00422	1.86167	50.44199	0.05935
0.00450	1.68090	7.64588	0.06331
0.00478	1.44174	3.93808	0.06726
0.00507	1.19879	2.92527	0.07122
0.00535	0.97697	2.54944	0.07518
0.00563	0.79217	2.23298	0.07913
0.00591	0.66547	1.99471	0.08309
0.00619	0.56105	1.77450	0.08705
0.00647	0.47204	1.59798	0.09100
0.00675	0.40739	1.44365	0.09496
0.00704	0.34354	1.31135	0.09892
0.00732	0.29080	1.19557	0.10287
0.00760	0.24807	1.08524	0.10683
0.00788	0.22242	1.01995	0.11079
0.00816	0.19646	0.94221	0.11474
0.00844	0.17548	0.88491	0.11870
0.00872	0.15138	0.81119	0.12266
0.00901	0.13263	0.74837	0.12661
0.00929	0.11878	0.70500	0.13057
0.00957	0.10809	0.66115	0.13453
0.00985	0.09894	0.63033	0.13848
0.01013	0.08748	0.58350	0.14244
0.01041	0.07875	0.54822	0.14640
0.01069	0.07356	0.52676	0.15035
0.01097	0.06535	0.48922	0.15431
0.01126	0.05994	0.46678	0.15827
0.01154	0.05505	0.44041	0.16222
0.01182	0.04840	0.41083	0.16618
0.01210	0.04445	0.39067	0.17014
0.01238	0.04235	0.37620	0.17409
0.01266	0.03848	0.35716	0.17805
0.01294	0.03442	0.33333	0.18201
0.01323	0.03170	0.31877	0.18597
0.01351	0.03057	0.31023	0.18992
0.01379	0.02839	0.29520	0.19388
0.01407	0.02637	0.28390	0.19784
0.01435	0.02523	0.27415	0.20179
0.01463	0.02331	0.26281	0.20575
0.01491	0.02166	0.25024	0.20971
0.01520	0.01984	0.23798	0.21366
0.01548	0.01848	0.22874	0.21762
0.01576	0.01783	0.22201	0.22157
0.01604	0.01784	0.22137	0.22553
0.01632	0.01533	0.20283	0.22949
0.01660	0.01377	0.19155	0.23344
0.01688	0.01374	0.19022	0.23740
0.01717	0.01225	0.17779	0.24136
0.01745	0.01140	0.17076	0.24531
0.01773	0.01161	0.17065	0.24927
0.01801	0.01116	0.16698	0.25323
0.01829	0.01026	0.15873	0.25718
0.01857	0.01001	0.15560	0.26114
0.01885	0.00950	0.15103	0.26510
0.01914	0.00873	0.14348	0.26905
0.01942	0.00799	0.13700	0.27301
0.01970	0.00757	0.13177	0.27697
0.01998	0.00745	0.13040	0.28092
0.02026	0.00774	0.13216	0.28488
0.02054	0.00652	0.12048	0.28884
0.02082	0.00615	0.11656	0.29279
0.02111	0.00618	0.11559	0.29675
0.02139	0.00643	0.11786	0.30071
0.02167	0.00621	0.11494	0.30466
0.02195	0.00586	0.11104	0.30862
0.02223	0.00476	0.09966	0.31258
0.02251	0.00460	0.09707	0.31653
0.02279	0.00444	0.09538	0.32049
0.02308	0.00484	0.09867	0.32445
0.02336	0.00480	0.09776	0.32840
0.02364	0.00431	0.09243	0.33236
0.02392	0.00448	0.09339	0.33632
0.02420	0.00413	0.08968	0.34027
0.02448	0.00417	0.08899	0.34423
0.02476	0.00403	0.08753	0.34819
0.02504	0.00392	0.08582	0.35214
0.02533	0.00367	0.08251	0.35610
0.02561	0.00337	0.07888	0.36006
0.02589	0.00307	0.07456	0.36401
0.02617	0.00335	0.07796	0.36797
0.02645	0.00330	0.07681	0.37193
0.02673	0.00291	0.07174	0.37588
0.02701	0.00299	0.07257	0.37984
0.02730	0.00350	0.07789	0.38380
0.02758	0.00281	0.06986	0.38775
0.02786	0.00253	0.06569	0.39171
0.02814	0.00263	0.06669	0.39567
0.02842	0.00242	0.06380	0.39962
0.02870	0.00254	0.06497	0.40358
0.02898	0.00217	0.05992	0.40753
0.02927	0.00204	0.05761	0.41149
0.02955	0.00221	0.05991	0.41545
0.02983	0.00206	0.05757	0.41940
0.03011	0.00216	0.05873	0.42336
0.03039	0.00185	0.05421	0.42732
0.03067	0.00187	0.05405	0.43127
0.03095	0.00207	0.05685	0.43523
0.03124	0.00201	0.05571	0.43919
0.03152	0.00173	0.05148	0.44314
0.03180	0.00189	0.05364	0.44710
0.03208	0.00174	0.05117	0.45106
0.03236	0.00210	0.05622	0.45501
0.03264	0.00187	0.05253	0.45897
0.03292	0.00162	0.04888	0.46293
0.03321	0.00161	0.04845	0.46688
0.03349	0.00158	0.04789	0.47084
0.03377	0.00157	0.04761	0.47480
0.03405	0.00145	0.04532	0.47875
0.03433	0.00168	0.04884	0.48271
0.03461	0.00160	0.04738	0.48666
0.03489	0.00147	0.04538	0.49062
0.03517	0.00144	0.04472	0.49458
0.03546	0.00152	0.04570	0.49853
0.03574	0.00159	0.04669	0.50249
0.03602	0.00147	0.04465	0.50645
0.03630	0.00127	0.04144	0.51040
0.03658	0.00125	0.04088	0.51436
0.03686	0.00130	0.04149	0.51832
0.03714	0.00140	0.04316	0.52227
0.03743	0.00128	0.04089	0.52623
0.03771	0.00132	0.04143	0.53018
0.03799	0.00129	0.04081	0.53414
0.03827	0.00132	0.04111	0.53810
0.03855	0.00145	0.04310	0.54205
0.03883	0.00130	0.04044	0.54601
0.03911	0.00122	0.03925	0.54997
0.03940	0.00119	0.03855	0.55392
0.03968	0.00127	0.03973	0.55788
0.03996	0.00119	0.03832	0.56184
0.04024	0.00112	0.03695	0.56579
0.04052	0.00111	0.03689	0.56975
0.04080	0.00101	0.03494	0.57370
0.04108	0.00101	0.03487	0.57766
0.04137	0.00118	0.03751	0.58162
0.04165	0.00108	0.03583	0.58557
0.04193	0.00109	0.03601	0.58953
0.04221	0.00095	0.03329	0.59349
0.04249	0.00084	0.03141	0.59744
0.04277	0.00100	0.03409	0.60140
0.04305	0.00104	0.03459	0.60536
0.04333	0.00112	0.03593	0.60931
0.04362	0.00116	0.03618	0.61327
0.04390	0.00092	0.03238	0.61722
0.04418	0.00087	0.03127	0.62118
0.04446	0.00094	0.03244	0.62514
0.04474	0.00088	0.03125	0.62909
0.04502	0.00105	0.03404	0.63305
0.04530	0.00105	0.03399	0.63701
0.04559	0.00093	0.03179	0.64096
0.04587	0.00093	0.03181	0.64492
0.04615	0.00113	0.03499	0.64887
0.04643	0.00096	0.03218	0.65283
0.04671	0.00092	0.03132	0.65679
0.04699	0.00108	0.03381	0.66074
0.04727	0.00090	0.03088	0.66470
0.04756	0.00094	0.03147	0.66865
0.04784	0.00084	0.02959	0.67261
0.04812	0.00093	0.03119	0.67657
0.04840	0.00084	0.02942	0.68052
0.04868	0.00088	0.03011	0.68448
0.04896	0.00096	0.03134	0.68844
0.04924	0.00088	0.02997	0.69239
0.04953	0.00086	0.02948	0.69635
0.04981	0.00082	0.02867	0.70030
0.05009	0.00079	0.02825	0.70426
0.05037	0.00087	0.02936	0.70822
0.05065	0.00081	0.02840	0.71217
0.05093	0.00085	0.02882	0.71613
0.05121	0.00083	0.02862	0.72008
0.05149	0.00072	0.02652	0.72404
0.05178	0.00090	0.03000	0.72800
0.05206	0.00092	0.03126	0.73195
0.05234	0.00091	0.03141	0.73591
0.05262	0.00078	0.02934	0.73986
0.05290	0.00091	0.03203	0.74382
0.05318	0.00090	0.03188	0.74778
0.05346	0.00078	0.02990	0.75173
0.05375	0.00088	0.03183	0.75569
0.05403	0.00097	0.03368	0.75964
0.05431	0.00076	0.02988	0.76360
0.05459	0.00074	0.02954	0.76756
0.05487	0.00088	0.03241	0.77151
0.05515	0.00064	0.02778	0.77547
0.05543	0.00059	0.02670	0.77942
0.05571	0.00071	0.02940	0.78338
0.05600	0.00060	0.02711	0.78734
0.05628	0.00063	0.02791	0.79129
0.05656	0.00069	0.02916	0.79525
0.05684	0.00080	0.03145	0.79920
0.05712	0.00075	0.03044	0.80316
0.05740	0.00075	0.03070	0.80712
0.05768	0.00072	0.03005	0.81107
0.05797	0.00061	0.02768	0.81503
0.05825	0.00073	0.03035	0.81898
0.05853	0.00079	0.03157	0.82294
0.05881	0.00068	0.02952	0.82690
0.05909	0.00077	0.03119	0.83085
0.05937	0.00068	0.02948	0.83481
0.05965	0.00072	0.03036	0.83876
0.05993	0.00069	0.02976	0.84272
0.06022	0.00055	0.02662	0.84668
0.06050	0.00075	0.03099	0.85063
0.06078	0.00071	0.03042	0.85459
0.06106	0.00068	0.02982	0.85854
0.06134	0.00079	0.03211	0.86250
0.06162	0.00073	0.03094	0.86645
0.06190	0.00063	0.02861	0.87041
0.06219	0.00059	0.02797	0.87437
0.06247	0.00066	0.02945	0.87832
0.06275	0.00066	0.02945	0.88228
0.06303	0.00058	0.02777	0.88623
0.06331	0.00070	0.03038	0.89019
0.06359	0.00058	0.02774	0.89415
0.06387	0.00066	0.02959	0.89810
0.06415	0.00073	0.03116	0.90206
0.06444	0.00069	0.03048	0.90601
0.06472	0.00074	0.03141	0.90997
0.06500	0.00060	0.02835	0.91392
0.06528	0.00046	0.02468	0.91788
0.06556	0.00073	0.03138	0.92184
0.06584	0.00062	0.02879	0.92579
0.06612	0.00062	0.02879	0.92975
0.06641	0.00060	0.02845	0.93370
0.06669	0.00068	0.03023	0.93766
0.06697	0.00049	0.02588	0.94161
0.06725	0.00064	0.02942	0.94557
0.06753	0.00077	0.03244	0.94952
0.06781	0.00065	0.02988	0.95348
0.06809	0.00062	0.02910	0.95744
0.06837	0.00064	0.02973	0.96139
0.06866	0.00055	0.02736	0.96535
0.06894	0.00084	0.03390	0.96930
0.06922	0.00060	0.02879	0.97326
0.06950	0.00052	0.02680	0.97721
0.06978	0.00051	0.02656	0.98117
0.07006	0.00067	0.03032	0.98513
0.07034	0.00055	0.02753	0.98908
0.07063	0.00065	0.02993	0.99304
0.07091	0.00054	0.02719	0.99699
0.07119	0.00071	0.03142	1.00095
0.07147	0.00060	0.02870	1.00490
0.07175	0.00068	0.03069	1.00886
0.07203	0.00049	0.02596	1.01281
0.07231	0.00062	0.02934	1.01677
0.07259	0.00058	0.02844	1.02072
0.07288	0.00051	0.02656	1.02468
0.07316	0.00051	0.02676	1.02864
0.07344	0.00056	0.02787	1.03259
0.07372	0.00046	0.02539	1.03655
0.07400	0.00055	0.02782	1.04050
0.07428	0.00068	0.03078	1.04446
0.07456	0.00066	0.03046	1.04841
0.07484	0.00069	0.03100	1.05237
0.07513	0.00062	0.02948	1.05632
0.07541	0.00076	0.03260	1.06028
0.07569	0.00066	0.03040	1.06423
0.07597	0.00055	0.02788	1.06819
0.07625	0.00073	0.03216	1.07214
0.07653	0.00064	0.02993	1.07610
0.07681	0.00057	0.02827	1.08006
0.07710	0.00052	0.02707	1.08401
0.07738	0.00064	0.03002	1.08797
0.07766	0.00073	0.03215	1.09192
0.07794	0.00068	0.03103	1.09588
0.07822	0.00054	0.02760	1.09983
0.07850	0.00065	0.03044	1.10379
0.07878	0.00051	0.02681	1.10774
0.07906	0.00066	0.03052	1.11170
0.07935	0.00062	0.02969	1.11565
0.07963	0.00066	0.03054	1.11961
0.07991	0.00056	0.02832	1.12356
0.08019	0.00048	0.02611	1.12752
0.08047	0.00061	0.02943	1.13147
0.08075	0.00075	0.03263	1.13543
0.08103	0.00073	0.03222	1.13938
0.08131	0.00073	0.03220	1.14334
0.08160	0.00058	0.02863	1.14729
0.08188	0.00063	0.03009	1.15125
0.08216	0.00069	0.03145	1.15520
0.08244	0.00069	0.03141	1.15916
0.08272	0.00064	0.03016	1.16311
0.08300	0.00055	0.02808	1.16707
0.08328	0.00058	0.02882	1.17102
0.08356	0.00070	0.03156	1.17498
0.08385	0.00067	0.03108	1.17893
0.08413	0.00064	0.03034	1.18289
0.08441	0.00071	0.03196	1.18685
0.08469	0.00069	0.03151	1.19080
0.08497	0.00055	0.02817	1.19476
0.08525	0.00051	0.02701	1.19871
0.08553	0.00071	0.03189	1.20267
0.08582	0.00076	0.03308	1.20662
0.08610	0.00066	0.03082	1.21057
0.08638	0.00052	0.02729	1.21453
0.08666	0.00060	0.02927	1.21848
0.08694	0.00054	0.02788	1.22244
0.08722	0.00061	0.02965	1.22639
0.08750	0.00062	0.02989	1.23035
0.08778	0.00056	0.02841	1.23430
0.08807	0.00052	0.02735	1.23826
0.08835	0.00061	0.02968	1.24221
0.08863	0.00055	0.02812	1.24617
0.08891	0.00054	0.02805	1.25012
0.08919	0.00054	0.02806	1.25408
0.08947	0.00076	0.03321	1.25803
0.08975	0.00057	0.02886	1.26199
0.09003	0.00064	0.03035	1.26594
0.09032	0.00060	0.02951	1.26990
0.09060	0.00075	0.03297	1.27385
0.09088	0.00079	0.03379	1.27781
0.09116	0.00066	0.03095	1.28176
0.09144	0.00069	0.03159	1.28572
0.09172	0.00056	0.02842	1.28967
0.09200	0.00049	0.02673	1.29363
0.09228	0.00063	0.03038	1.29758
0.09257	0.00058	0.02912	1.30154
0.09285	0.00066	0.03091	1.30549
0.09313	0.00056	0.02868	1.30945
0.09341	0.00054	0.02809	1.31340
0.09369	0.00062	0.02998	1.31735
0.09397	0.00057	0.02886	1.32131
0.09425	0.00069	0.03184	1.32526
0.09453	0.00092	0.03673	1.32922
0.09482	0.00077	0.03352	1.33317
0.09510	0.00066	0.03109	1.33713
0.09538	0.00071	0.03211	1.34108
0.09566	0.00086	0.03552	1.34504
0.09594	0.00064	0.03061	1.34899
0.09622	0.00079	0.03395	1.35295
0.09650	0.00095	0.03734	1.35690
0.09678	0.00068	0.03155	1.36085
0.09706	0.00079	0.03398	1.36481
0.09735	0.00073	0.03271	1.36876
0.09763	0.00076	0.03328	1.37272
0.09791	0.00088	0.03585	1.37667
0.09819	0.00110	0.04013	1.38063
0.09847	0.00099	0.03805	1.38458
0.09875	0.00101	0.03846	1.38854
0.09903	0.00107	0.03962	1.39249
0.09931	0.00122	0.04235	1.39644
0.09960	0.00110	0.04007	1.40040
0.09988	0.00121	0.04221	1.40435
0.10016	0.00116	0.04126	1.40831
0.10044	0.00134	0.04436	1.41226
0.10072	0.00144	0.04605	1.41622
0.10100	0.00161	0.04872	1.42017
0.10128	0.00188	0.05262	1.42412
0.10156	0.00172	0.05032	1.42808
0.10185	0.00169	0.04986	1.43203
0.10213	0.00189	0.05271	1.43599
0.10241	0.00196	0.05379	1.43994
0.10269	0.00208	0.05543	1.44390
0.10297	0.00248	0.06050	1.44785
0.10325	0.00291	0.06541	1.45180
0.10353	0.00333	0.07014	1.45576
0.10381	0.00357	0.07264	1.45971
0.10410	0.00405	0.07733	1.46367
0.10438	0.00438	0.08036	1.46762
0.10466	0.00526	0.08809	1.47157
0.10494	0.00570	0.09180	1.47553
0.10522	0.00662	0.09891	1.47948
0.10550	0.00768	0.10647	1.48344
0.10578	0.00895	0.11495	1.48739
0.10606	0.00962	0.11924	1.49135
0.10634	0.01118	0.12857	1.49530
0.10663	0.01294	0.13831	1.49925
0.10691	0.01357	0.14159	1.50321
0.10719	0.01434	0.14564	1.50716
0.10747	0.01375	0.14271	1.51112
0.10775	0.01340	0.14080	1.51507
0.10803	0.01174	0.13175	1.51902
0.10831	0.01055	0.12497	1.52298
0.10859	0.00959	0.11923	1.52693
0.10888	0.00783	0.10774	1.53088
0.10916	0.00663	0.09900	1.53484
0.10944	0.00557	0.09082	1.53879
0.10972	0.00508	0.08696	1.54275
0.11000	0.00440	0.08097	1.54670
0.11028	0.00373	0.07447	1.55065
0.11056	0.00303	0.06706	1.55461
0.11084	0.00277	0.06409	1.55856
0.11113	0.00225	0.05774	1.56252
0.11141	0.00190	0.05304	1.56647
0.11169	0.00179	0.05159	1.57042
0.11197	0.00163	0.04929	1.57438
0.11225	0.00160	0.04879	1.57833
0.11253	0.00161	0.04886	1.58228
0.11281	0.00155	0.04795	1.58624
0.11309	0.00132	0.04427	1.59019
0.11337	0.00113	0.04102	1.59415
0.11366	0.00090	0.03665	1.59810
0.11394	0.00101	0.03869	1.60205
0.11422	0.00100	0.03851	1.60601
0.11450	0.00096	0.03784	1.60996
0.11478	0.00092	0.03708	1.61391
0.11506	0.00095	0.03749	1.61787
0.11534	0.00081	0.03478	1.62182
0.11562	0.00084	0.03536	1.62577
0.11590	0.00067	0.03155	1.62973
0.11619	0.00069	0.03195	1.63368
0.11647	0.00064	0.03084	1.63763
0.11675	0.00049	0.02697	1.64159
0.11703	0.00060	0.02991	1.64554
0.11731	0.00076	0.03362	1.64949
0.11759	0.00050	0.02727	1.65345
0.11787	0.00051	0.02752	1.65740
0.11815	0.00066	0.03135	1.66135
0.11844	0.00052	0.02783	1.66531
0.11872	0.00058	0.02940	1.66926
0.11900	0.00056	0.02898	1.67322
0.11928	0.00067	0.03157	1.67717
0.11956	0.00057	0.02904	1.68112
0.11984	0.00045	0.02603	1.68508
0.12012	0.00060	0.02996	1.68903
0.12040	0.00059	0.02980	1.69298
0.12068	0.00062	0.03045	1.69693
0.12097	0.00051	0.02764	1.70089
0.12125	0.00064	0.03081	1.70484
0.12153	0.00057	0.02913	1.70879
0.12181	0.00056	0.02898	1.71275
0.12209	0.00052	0.02775	1.71670
0.12237	0.00053	0.02808	1.72065
0.12265	0.00043	0.02535	1.72461
0.12293	0.00039	0.02425	1.72856
0.12321	0.00029	0.02095	1.73251
0.12350	0.00028	0.02040	1.73647
0.12378	0.00052	0.02802	1.74042
0.12406	0.00050	0.02742	1.74437
0.12434	0.00043	0.02544	1.74833
0.12462	0.00048	0.02686	1.75228
0.12490	0.00044	0.02567	1.75623
0.12518	0.00039	0.02409	1.76018
0.12546	0.00049	0.02705	1.76414
0.12574	0.00037	0.02351	1.76809
0.12603	0.00052	0.02793	1.77204
0.12631	0.00051	0.02754	1.77600
0.12659	0.00051	0.02770	1.77995
0.12687	0.00041	0.02490	1.78390
0.12715	0.00041	0.02487	1.78786
0.12743	0.00046	0.02613	1.79181
0.12771	0.00040	0.02448	1.79576
0.12799	0.00058	0.02950	1.79971
0.12827	0.00051	0.02759	1.80367
0.12856	0.00040	0.02435	1.80762
0.12884	0.00044	0.02560	1.81157
0.12912	0.00039	0.02407	1.81552
0.12940	0.00045	0.02585	1.81948
0.12968	0.00044	0.02568	1.82343
0.12996	0.00045	0.02587	1.82738
0.13024	0.00031	0.02170	1.83134
0.13052	0.00056	0.02889	1.83529
0.13080	0.00076	0.03387	1.83924
0.13109	0.00047	0.02652	1.84319
0.13137	0.00035	0.02288	1.84715
0.13165	0.00046	0.02640	1.85110
0.13193	0.00050	0.02740	1.85505
0.13221	0.00049	0.02714	1.85900
0.13249	0.00042	0.02497	1.86296
0.13277	0.00027	0.02015	1.86691
0.13305	0.00028	0.02066	1.87086
0.13333	0.00036	0.02335	1.87481
0.13361	0.00026	0.01981	1.87877
0.13390	0.00027	0.02023	1.88272
0.13418	0.00030	0.02121	1.88667
0.13446	0.00022	0.01872	1.89062
0.13474	0.00044	0.02901	1.89458
0.13502	0.00025	0.02264	1.89853
0.13530	0.00029	0.02551	1.90248
0.13558	0.00032	0.02766	1.90643
0.13586	0.00037	0.03050	1.91039
0.13614	0.00035	0.03049	1.91434
0.13643	0.00035	0.03144	1.91829
0.13671	0.00023	0.02606	1.92224
0.13699	0.00029	0.03002	1.92619
0.13727	0.00029	0.03117	1.93015
0.13755	0.00038	0.03671	1.93410
0.13783	0.00023	0.02955	1.93805
0.13811	0.00019	0.02756	1.94200
0.13839	0.00033	0.03713	1.94596
0.13867	0.00020	0.03006	1.94991
0.13895	0.00049	0.04839	1.95386
0.13924	0.00061	0.05607	1.95781
0.13952	0.00030	0.04044	1.96176
0.13980	0.00024	0.03809	1.96572
0.14008	0.00037	0.04887	1.96967
0.14036	0.00019	0.03636	1.97362
0.14064	0.00010	0.02809	1.97757
0.14092	0.00022	0.04333	1.98152
0.14120	0.00023	0.04635	1.98548
0.14148	0.00026	0.05225	1.98943
0.14177	0.00051	0.07717	1.99338
0.14205	0.00056	0.08642	1.99733
0.14233	0.00035	0.07375	2.00128
0.14261	0.00023	0.06548	2.00524
0.14289	0.00022	0.07246	2.00919
0.14317	0.00005	0.03838	2.01314
0.14345	0.00000	0.00000	2.01709
0.14373	0.00000	0.00000	2.02104
0.14401	0.00000	0.00000	2.02500
