q(A-1)	I(q)20230413_0_00026.edf{0}_circles_18_division_ExposureTime	Sig(q)20230413_0_00026.edf{0}_circles_18	2Theta(degrees)
0.00000	nan	nan	0.00000
0.00028	nan	nan	0.00396
0.00056	nan	nan	0.00791
0.00084	nan	nan	0.01187
0.00113	nan	nan	0.01583
0.00141	nan	nan	0.01978
0.00169	nan	nan	0.02374
0.00197	nan	nan	0.02770
0.00225	nan	nan	0.03165
0.00253	nan	nan	0.03561
0.00281	nan	nan	0.03957
0.00310	nan	nan	0.04352
0.00338	nan	nan	0.04748
0.00366	nan	nan	0.05144
0.00394	nan	nan	0.05539
0.00422	0.04917	20.07947	0.05935
0.00450	0.04484	3.05906	0.06331
0.00478	0.04102	1.62715	0.06726
0.00507	0.03740	1.26556	0.07122
0.00535	0.03537	1.18824	0.07518
0.00563	0.03284	1.11371	0.07913
0.00591	0.03083	1.05168	0.08309
0.00619	0.02813	0.97323	0.08705
0.00647	0.02708	0.93750	0.09100
0.00675	0.02591	0.89171	0.09496
0.00704	0.02406	0.85016	0.09892
0.00732	0.02346	0.83175	0.10287
0.00760	0.02258	0.80205	0.10683
0.00788	0.02227	0.79060	0.11079
0.00816	0.02155	0.76438	0.11474
0.00844	0.02098	0.74941	0.11870
0.00872	0.02081	0.73678	0.12266
0.00901	0.02010	0.71362	0.12661
0.00929	0.01947	0.69914	0.13057
0.00957	0.01899	0.67888	0.13453
0.00985	0.01872	0.67160	0.13848
0.01013	0.01862	0.65941	0.14244
0.01041	0.01772	0.63693	0.14640
0.01069	0.01803	0.63871	0.15035
0.01097	0.01804	0.62960	0.15431
0.01126	0.01724	0.61323	0.15827
0.01154	0.01719	0.60286	0.16222
0.01182	0.01687	0.59412	0.16618
0.01210	0.01690	0.59003	0.17014
0.01238	0.01626	0.57103	0.17409
0.01266	0.01568	0.55844	0.17805
0.01294	0.01563	0.55012	0.18201
0.01323	0.01556	0.54700	0.18597
0.01351	0.01575	0.54536	0.18992
0.01379	0.01526	0.53019	0.19388
0.01407	0.01513	0.52678	0.19784
0.01435	0.01511	0.51968	0.20179
0.01463	0.01479	0.51275	0.20575
0.01491	0.01463	0.50383	0.20971
0.01520	0.01465	0.50082	0.21366
0.01548	0.01418	0.49067	0.21762
0.01576	0.01411	0.48379	0.22157
0.01604	0.01405	0.48122	0.22553
0.01632	0.01369	0.46948	0.22949
0.01660	0.01331	0.46132	0.23344
0.01688	0.01338	0.45969	0.23740
0.01717	0.01309	0.45017	0.24136
0.01745	0.01265	0.44057	0.24531
0.01773	0.01246	0.43308	0.24927
0.01801	0.01266	0.43564	0.25323
0.01829	0.01222	0.42438	0.25718
0.01857	0.01201	0.41742	0.26114
0.01885	0.01166	0.40977	0.26510
0.01914	0.01152	0.40359	0.26905
0.01942	0.01171	0.40606	0.27301
0.01970	0.01140	0.39615	0.27697
0.01998	0.01122	0.39195	0.28092
0.02026	0.01100	0.38605	0.28488
0.02054	0.01073	0.37845	0.28884
0.02082	0.01074	0.37717	0.29279
0.02111	0.01029	0.36531	0.29675
0.02139	0.01021	0.36383	0.30071
0.02167	0.01013	0.35956	0.30466
0.02195	0.00998	0.35483	0.30862
0.02223	0.00994	0.35271	0.31258
0.02251	0.00954	0.34232	0.31653
0.02279	0.00926	0.33743	0.32049
0.02308	0.00912	0.33154	0.32445
0.02336	0.00889	0.32608	0.32840
0.02364	0.00883	0.32391	0.33236
0.02392	0.00881	0.32082	0.33632
0.02420	0.00853	0.31560	0.34027
0.02448	0.00837	0.30898	0.34423
0.02476	0.00819	0.30542	0.34819
0.02505	0.00826	0.30539	0.35214
0.02533	0.00793	0.29705	0.35610
0.02561	0.00772	0.29263	0.36006
0.02589	0.00748	0.28510	0.36401
0.02617	0.00740	0.28359	0.36797
0.02645	0.00726	0.27914	0.37193
0.02673	0.00720	0.27642	0.37588
0.02701	0.00696	0.27122	0.37984
0.02730	0.00677	0.26538	0.38380
0.02758	0.00676	0.26515	0.38775
0.02786	0.00657	0.25906	0.39171
0.02814	0.00653	0.25745	0.39567
0.02842	0.00632	0.25266	0.39962
0.02870	0.00615	0.24749	0.40358
0.02898	0.00605	0.24528	0.40753
0.02927	0.00601	0.24227	0.41149
0.02955	0.00581	0.23788	0.41545
0.02983	0.00558	0.23201	0.41940
0.03011	0.00569	0.23340	0.42336
0.03039	0.00548	0.22830	0.42732
0.03067	0.00537	0.22433	0.43127
0.03095	0.00515	0.21966	0.43523
0.03124	0.00516	0.21846	0.43919
0.03152	0.00507	0.21573	0.44314
0.03180	0.00498	0.21300	0.44710
0.03208	0.00484	0.20902	0.45106
0.03236	0.00465	0.20464	0.45501
0.03264	0.00457	0.20134	0.45897
0.03292	0.00448	0.19897	0.46293
0.03321	0.00427	0.19345	0.46688
0.03349	0.00422	0.19166	0.47084
0.03377	0.00402	0.18676	0.47480
0.03405	0.00394	0.18324	0.47875
0.03433	0.00388	0.18201	0.48271
0.03461	0.00386	0.18027	0.48666
0.03489	0.00369	0.17588	0.49062
0.03518	0.00359	0.17279	0.49458
0.03546	0.00340	0.16722	0.49853
0.03574	0.00330	0.16494	0.50249
0.03602	0.00324	0.16213	0.50645
0.03630	0.00310	0.15834	0.51040
0.03658	0.00306	0.15674	0.51436
0.03686	0.00310	0.15698	0.51832
0.03714	0.00288	0.15144	0.52227
0.03743	0.00280	0.14806	0.52623
0.03771	0.00271	0.14555	0.53018
0.03799	0.00254	0.14014	0.53414
0.03827	0.00264	0.14264	0.53810
0.03855	0.00253	0.13930	0.54205
0.03883	0.00240	0.13473	0.54601
0.03911	0.00238	0.13424	0.54997
0.03940	0.00226	0.12998	0.55392
0.03968	0.00228	0.13041	0.55788
0.03996	0.00213	0.12550	0.56184
0.04024	0.00213	0.12505	0.56579
0.04052	0.00206	0.12309	0.56975
0.04080	0.00206	0.12218	0.57370
0.04108	0.00187	0.11635	0.57766
0.04137	0.00189	0.11653	0.58162
0.04165	0.00175	0.11167	0.58557
0.04193	0.00180	0.11336	0.58953
0.04221	0.00172	0.10982	0.59349
0.04249	0.00163	0.10702	0.59744
0.04277	0.00158	0.10485	0.60140
0.04305	0.00143	0.09944	0.60536
0.04334	0.00148	0.10098	0.60931
0.04362	0.00146	0.09975	0.61327
0.04390	0.00141	0.09810	0.61722
0.04418	0.00134	0.09498	0.62118
0.04446	0.00117	0.08876	0.62514
0.04474	0.00123	0.09069	0.62909
0.04502	0.00120	0.08894	0.63305
0.04530	0.00119	0.08874	0.63701
0.04559	0.00116	0.08717	0.64096
0.04587	0.00101	0.08105	0.64492
0.04615	0.00105	0.08233	0.64887
0.04643	0.00099	0.07997	0.65283
0.04671	0.00101	0.08049	0.65679
0.04699	0.00093	0.07704	0.66074
0.04727	0.00092	0.07655	0.66470
0.04756	0.00086	0.07377	0.66865
0.04784	0.00085	0.07298	0.67261
0.04812	0.00086	0.07328	0.67657
0.04840	0.00086	0.07309	0.68052
0.04868	0.00075	0.06804	0.68448
0.04896	0.00079	0.06947	0.68844
0.04924	0.00075	0.06765	0.69239
0.04953	0.00071	0.06559	0.69635
0.04981	0.00069	0.06461	0.70030
0.05009	0.00065	0.06262	0.70426
0.05037	0.00064	0.06185	0.70822
0.05065	0.00063	0.06140	0.71217
0.05093	0.00061	0.06012	0.71613
0.05121	0.00055	0.05690	0.72008
0.05149	0.00058	0.05857	0.72404
0.05178	0.00054	0.05672	0.72800
0.05206	0.00054	0.05883	0.73195
0.05234	0.00051	0.05763	0.73591
0.05262	0.00045	0.05491	0.73986
0.05290	0.00046	0.05587	0.74382
0.05318	0.00049	0.05787	0.74778
0.05346	0.00047	0.05693	0.75173
0.05375	0.00044	0.05499	0.75569
0.05403	0.00047	0.05737	0.75964
0.05431	0.00041	0.05398	0.76360
0.05459	0.00041	0.05412	0.76756
0.05487	0.00042	0.05505	0.77151
0.05515	0.00036	0.05068	0.77547
0.05543	0.00034	0.04982	0.77942
0.05572	0.00033	0.04889	0.78338
0.05600	0.00037	0.05188	0.78734
0.05628	0.00035	0.05066	0.79129
0.05656	0.00033	0.04954	0.79525
0.05684	0.00036	0.05180	0.79920
0.05712	0.00035	0.05082	0.80316
0.05740	0.00030	0.04741	0.80712
0.05768	0.00027	0.04492	0.81107
0.05797	0.00027	0.04470	0.81503
0.05825	0.00026	0.04483	0.81898
0.05853	0.00030	0.04767	0.82294
0.05881	0.00030	0.04759	0.82690
0.05909	0.00030	0.04812	0.83085
0.05937	0.00024	0.04295	0.83481
0.05965	0.00026	0.04453	0.83876
0.05994	0.00028	0.04683	0.84272
0.06022	0.00029	0.04728	0.84668
0.06050	0.00027	0.04601	0.85063
0.06078	0.00029	0.04774	0.85459
0.06106	0.00025	0.04439	0.85854
0.06134	0.00027	0.04635	0.86250
0.06162	0.00025	0.04421	0.86645
0.06190	0.00024	0.04314	0.87041
0.06219	0.00027	0.04612	0.87437
0.06247	0.00028	0.04668	0.87832
0.06275	0.00027	0.04587	0.88228
0.06303	0.00026	0.04512	0.88623
0.06331	0.00025	0.04488	0.89019
0.06359	0.00025	0.04477	0.89415
0.06387	0.00024	0.04334	0.89810
0.06416	0.00023	0.04301	0.90206
0.06444	0.00027	0.04614	0.90601
0.06472	0.00026	0.04547	0.90997
0.06500	0.00026	0.04586	0.91392
0.06528	0.00025	0.04463	0.91788
0.06556	0.00025	0.04534	0.92184
0.06584	0.00022	0.04253	0.92579
0.06612	0.00022	0.04224	0.92975
0.06641	0.00026	0.04624	0.93370
0.06669	0.00025	0.04529	0.93766
0.06697	0.00027	0.04662	0.94161
0.06725	0.00026	0.04549	0.94557
0.06753	0.00028	0.04768	0.94952
0.06781	0.00030	0.04936	0.95348
0.06809	0.00027	0.04660	0.95744
0.06838	0.00025	0.04529	0.96139
0.06866	0.00022	0.04276	0.96535
0.06894	0.00026	0.04592	0.96930
0.06922	0.00022	0.04230	0.97326
0.06950	0.00023	0.04351	0.97721
0.06978	0.00025	0.04565	0.98117
0.07006	0.00027	0.04675	0.98513
0.07034	0.00025	0.04589	0.98908
0.07063	0.00027	0.04761	0.99304
0.07091	0.00028	0.04822	0.99699
0.07119	0.00027	0.04724	1.00095
0.07147	0.00026	0.04677	1.00490
0.07175	0.00025	0.04564	1.00886
0.07203	0.00028	0.04834	1.01281
0.07231	0.00029	0.04953	1.01677
0.07260	0.00024	0.04492	1.02072
0.07288	0.00025	0.04606	1.02468
0.07316	0.00032	0.05212	1.02864
0.07344	0.00027	0.04780	1.03259
0.07372	0.00027	0.04785	1.03655
0.07400	0.00028	0.04845	1.04050
0.07428	0.00027	0.04721	1.04446
0.07456	0.00029	0.04905	1.04841
0.07485	0.00026	0.04685	1.05237
0.07513	0.00025	0.04542	1.05632
0.07541	0.00029	0.04927	1.06028
0.07569	0.00027	0.04751	1.06423
0.07597	0.00025	0.04564	1.06819
0.07625	0.00026	0.04709	1.07214
0.07653	0.00023	0.04391	1.07610
0.07681	0.00026	0.04733	1.08006
0.07710	0.00030	0.05030	1.08401
0.07738	0.00027	0.04806	1.08797
0.07766	0.00026	0.04727	1.09192
0.07794	0.00033	0.05267	1.09588
0.07822	0.00031	0.05095	1.09983
0.07850	0.00031	0.05151	1.10379
0.07878	0.00030	0.05026	1.10774
0.07906	0.00027	0.04822	1.11170
0.07935	0.00031	0.05096	1.11565
0.07963	0.00034	0.05392	1.11961
0.07991	0.00052	0.06667	1.12356
0.08019	0.00033	0.05340	1.12752
0.08047	0.00024	0.04497	1.13147
0.08075	0.00025	0.04639	1.13543
0.08103	0.00026	0.04745	1.13938
0.08132	0.00025	0.04644	1.14334
0.08160	0.00029	0.04960	1.14729
0.08188	0.00030	0.05029	1.15125
0.08216	0.00027	0.04786	1.15520
0.08244	0.00028	0.04867	1.15916
0.08272	0.00026	0.04735	1.16311
0.08300	0.00025	0.04637	1.16707
0.08328	0.00030	0.05040	1.17102
0.08357	0.00031	0.05126	1.17498
0.08385	0.00031	0.05158	1.17893
0.08413	0.00030	0.05054	1.18289
0.08441	0.00025	0.04674	1.18685
0.08469	0.00026	0.04778	1.19080
0.08497	0.00026	0.04696	1.19476
0.08525	0.00022	0.04370	1.19871
0.08553	0.00023	0.04483	1.20267
0.08582	0.00023	0.04446	1.20662
0.08610	0.00023	0.04505	1.21057
0.08638	0.00027	0.04840	1.21453
0.08666	0.00027	0.04842	1.21848
0.08694	0.00027	0.04839	1.22244
0.08722	0.00026	0.04753	1.22639
0.08750	0.00025	0.04634	1.23035
0.08778	0.00028	0.04914	1.23430
0.08807	0.00024	0.04524	1.23826
0.08835	0.00018	0.03992	1.24221
0.08863	0.00018	0.03971	1.24617
0.08891	0.00022	0.04397	1.25012
0.08919	0.00024	0.04536	1.25408
0.08947	0.00024	0.04560	1.25803
0.08975	0.00025	0.04634	1.26199
0.09003	0.00026	0.04747	1.26594
0.09032	0.00022	0.04422	1.26990
0.09060	0.00024	0.04562	1.27385
0.09088	0.00020	0.04216	1.27781
0.09116	0.00020	0.04210	1.28176
0.09144	0.00021	0.04265	1.28572
0.09172	0.00023	0.04504	1.28967
0.09200	0.00021	0.04333	1.29363
0.09228	0.00021	0.04325	1.29758
0.09257	0.00021	0.04329	1.30154
0.09285	0.00021	0.04271	1.30549
0.09313	0.00018	0.03986	1.30945
0.09341	0.00019	0.04056	1.31340
0.09369	0.00021	0.04238	1.31735
0.09397	0.00024	0.04544	1.32131
0.09425	0.00022	0.04364	1.32526
0.09453	0.00026	0.04742	1.32922
0.09482	0.00026	0.04794	1.33317
0.09510	0.00023	0.04459	1.33713
0.09538	0.00019	0.04060	1.34108
0.09566	0.00022	0.04394	1.34504
0.09594	0.00023	0.04450	1.34899
0.09622	0.00023	0.04526	1.35295
0.09650	0.00020	0.04242	1.35690
0.09678	0.00023	0.04465	1.36085
0.09707	0.00020	0.04154	1.36481
0.09735	0.00018	0.03923	1.36876
0.09763	0.00023	0.04465	1.37272
0.09791	0.00023	0.04490	1.37667
0.09819	0.00022	0.04394	1.38063
0.09847	0.00019	0.04097	1.38458
0.09875	0.00017	0.03832	1.38854
0.09903	0.00018	0.03937	1.39249
0.09932	0.00020	0.04185	1.39644
0.09960	0.00020	0.04187	1.40040
0.09988	0.00019	0.04134	1.40435
0.10016	0.00018	0.03942	1.40831
0.10044	0.00017	0.03888	1.41226
0.10072	0.00018	0.04001	1.41622
0.10100	0.00019	0.04132	1.42017
0.10128	0.00023	0.04494	1.42412
0.10157	0.00021	0.04279	1.42808
0.10185	0.00018	0.03976	1.43203
0.10213	0.00022	0.04374	1.43599
0.10241	0.00020	0.04181	1.43994
0.10269	0.00017	0.03852	1.44390
0.10297	0.00019	0.04143	1.44785
0.10325	0.00018	0.04003	1.45180
0.10353	0.00021	0.04293	1.45576
0.10381	0.00017	0.03836	1.45971
0.10410	0.00017	0.03893	1.46367
0.10438	0.00018	0.03941	1.46762
0.10466	0.00019	0.04142	1.47157
0.10494	0.00019	0.04118	1.47553
0.10522	0.00022	0.04396	1.47948
0.10550	0.00018	0.04044	1.48344
0.10578	0.00017	0.03848	1.48739
0.10606	0.00017	0.03916	1.49135
0.10635	0.00020	0.04262	1.49530
0.10663	0.00017	0.03931	1.49925
0.10691	0.00018	0.04038	1.50321
0.10719	0.00018	0.04002	1.50716
0.10747	0.00017	0.03914	1.51112
0.10775	0.00017	0.03831	1.51507
0.10803	0.00018	0.03967	1.51902
0.10831	0.00021	0.04270	1.52298
0.10860	0.00020	0.04192	1.52693
0.10888	0.00017	0.03888	1.53088
0.10916	0.00019	0.04059	1.53484
0.10944	0.00017	0.03885	1.53879
0.10972	0.00018	0.03988	1.54275
0.11000	0.00020	0.04252	1.54670
0.11028	0.00020	0.04248	1.55065
0.11056	0.00019	0.04091	1.55461
0.11084	0.00019	0.04109	1.55856
0.11113	0.00016	0.03736	1.56252
0.11141	0.00018	0.03952	1.56647
0.11169	0.00019	0.04157	1.57042
0.11197	0.00019	0.04103	1.57438
0.11225	0.00017	0.03865	1.57833
0.11253	0.00016	0.03756	1.58228
0.11281	0.00014	0.03583	1.58624
0.11309	0.00016	0.03798	1.59019
0.11338	0.00017	0.03887	1.59415
0.11366	0.00015	0.03677	1.59810
0.11394	0.00014	0.03551	1.60205
0.11422	0.00019	0.04126	1.60601
0.11450	0.00019	0.04155	1.60996
0.11478	0.00019	0.04072	1.61391
0.11506	0.00017	0.03887	1.61787
0.11534	0.00017	0.03924	1.62182
0.11562	0.00019	0.04075	1.62577
0.11591	0.00018	0.03976	1.62973
0.11619	0.00019	0.04165	1.63368
0.11647	0.00019	0.04172	1.63763
0.11675	0.00017	0.03914	1.64159
0.11703	0.00020	0.04209	1.64554
0.11731	0.00020	0.04273	1.64949
0.11759	0.00018	0.04024	1.65345
0.11787	0.00018	0.04035	1.65740
0.11815	0.00017	0.03925	1.66135
0.11844	0.00016	0.03796	1.66531
0.11872	0.00018	0.04050	1.66926
0.11900	0.00016	0.03788	1.67322
0.11928	0.00015	0.03722	1.67717
0.11956	0.00014	0.03541	1.68112
0.11984	0.00015	0.03625	1.68508
0.12012	0.00017	0.03957	1.68903
0.12040	0.00023	0.04538	1.69298
0.12068	0.00018	0.03988	1.69693
0.12097	0.00017	0.03905	1.70089
0.12125	0.00017	0.03895	1.70484
0.12153	0.00015	0.03702	1.70879
0.12181	0.00016	0.03804	1.71275
0.12209	0.00015	0.03638	1.71670
0.12237	0.00016	0.03817	1.72065
0.12265	0.00018	0.04033	1.72461
0.12293	0.00019	0.04076	1.72856
0.12322	0.00017	0.03923	1.73251
0.12350	0.00020	0.04197	1.73647
0.12378	0.00019	0.04118	1.74042
0.12406	0.00017	0.03866	1.74437
0.12434	0.00016	0.03793	1.74833
0.12462	0.00019	0.04086	1.75228
0.12490	0.00017	0.03861	1.75623
0.12518	0.00018	0.04019	1.76018
0.12546	0.00020	0.04263	1.76414
0.12575	0.00017	0.03935	1.76809
0.12603	0.00018	0.04058	1.77204
0.12631	0.00018	0.04004	1.77600
0.12659	0.00016	0.03748	1.77995
0.12687	0.00019	0.04088	1.78390
0.12715	0.00017	0.03898	1.78786
0.12743	0.00018	0.03987	1.79181
0.12771	0.00017	0.03951	1.79576
0.12799	0.00019	0.04080	1.79971
0.12828	0.00018	0.04011	1.80367
0.12856	0.00019	0.04088	1.80762
0.12884	0.00020	0.04190	1.81157
0.12912	0.00016	0.03815	1.81552
0.12940	0.00019	0.04122	1.81948
0.12968	0.00017	0.03942	1.82343
0.12996	0.00018	0.03990	1.82738
0.13024	0.00021	0.04300	1.83134
0.13052	0.00020	0.04219	1.83529
0.13080	0.00019	0.04113	1.83924
0.13109	0.00017	0.03955	1.84319
0.13137	0.00019	0.04100	1.84715
0.13165	0.00018	0.04080	1.85110
0.13193	0.00020	0.04193	1.85505
0.13221	0.00019	0.04151	1.85900
0.13249	0.00018	0.04067	1.86296
0.13277	0.00020	0.04278	1.86691
0.13305	0.00015	0.03732	1.87086
0.13333	0.00013	0.03462	1.87481
0.13362	0.00016	0.03814	1.87877
0.13390	0.00014	0.03529	1.88272
0.13418	0.00012	0.03327	1.88667
0.13446	0.00014	0.03727	1.89062
0.13474	0.00021	0.04895	1.89458
0.13502	0.00019	0.04817	1.89853
0.13530	0.00015	0.04523	1.90248
0.13558	0.00015	0.04661	1.90643
0.13586	0.00014	0.04576	1.91039
0.13615	0.00013	0.04634	1.91434
0.13643	0.00015	0.05005	1.91829
0.13671	0.00023	0.06365	1.92224
0.13699	0.00015	0.05264	1.92619
0.13727	0.00016	0.05681	1.93015
0.13755	0.00014	0.05474	1.93410
0.13783	0.00017	0.06190	1.93805
0.13811	0.00019	0.06823	1.94200
0.13839	0.00016	0.06321	1.94596
0.13867	0.00017	0.06836	1.94991
0.13896	0.00018	0.07112	1.95386
0.13924	0.00022	0.08152	1.95781
0.13952	0.00025	0.09048	1.96176
0.13980	0.00023	0.09146	1.96572
0.14008	0.00018	0.08413	1.96967
0.14036	0.00016	0.08112	1.97362
0.14064	0.00017	0.08876	1.97757
0.14092	0.00014	0.08494	1.98152
0.14120	0.00016	0.09373	1.98548
0.14148	0.00021	0.11489	1.98943
0.14177	0.00020	0.11885	1.99338
0.14205	0.00016	0.11347	1.99733
0.14233	0.00008	0.08830	2.00128
0.14261	0.00016	0.13292	2.00524
0.14289	0.00020	0.16609	2.00919
0.14317	0.00011	0.14385	2.01314
0.14345	0.00009	0.15796	2.01709
0.14373	0.00000	0.00000	2.02104
0.14401	0.00000	0.00000	2.02500
