q(A-1)	I(q)20230413_0_00021.edf{0}_circles_28_division_ExposureTime	Sig(q)20230413_0_00021.edf{0}_circles_28	2Theta(degrees)
0.00000	nan	nan	0.00000
0.00028	nan	nan	0.00396
0.00056	nan	nan	0.00791
0.00084	nan	nan	0.01187
0.00113	nan	nan	0.01583
0.00141	nan	nan	0.01978
0.00169	nan	nan	0.02374
0.00197	nan	nan	0.02770
0.00225	nan	nan	0.03165
0.00253	nan	nan	0.03561
0.00281	nan	nan	0.03957
0.00310	nan	nan	0.04352
0.00338	nan	nan	0.04748
0.00366	nan	nan	0.05144
0.00394	nan	nan	0.05539
0.00422	0.02833	15.24283	0.05935
0.00450	0.02621	2.33884	0.06331
0.00478	0.02525	1.27661	0.06726
0.00507	0.02376	1.00876	0.07122
0.00535	0.01951	0.88241	0.07518
0.00563	0.01603	0.77817	0.07913
0.00591	0.01389	0.70600	0.08309
0.00619	0.01200	0.63578	0.08705
0.00647	0.01046	0.58257	0.09100
0.00675	0.00861	0.51423	0.09496
0.00704	0.00778	0.48329	0.09892
0.00732	0.00649	0.43742	0.10287
0.00760	0.00558	0.39853	0.10683
0.00788	0.00547	0.39168	0.11079
0.00816	0.00463	0.35418	0.11474
0.00844	0.00427	0.33824	0.11870
0.00872	0.00389	0.31860	0.12266
0.00901	0.00337	0.29223	0.12661
0.00929	0.00303	0.27565	0.13057
0.00957	0.00272	0.25684	0.13453
0.00985	0.00234	0.23743	0.13848
0.01013	0.00215	0.22419	0.14244
0.01041	0.00191	0.20936	0.14640
0.01069	0.00188	0.20637	0.15035
0.01097	0.00176	0.19689	0.15431
0.01126	0.00162	0.18823	0.15827
0.01154	0.00153	0.18007	0.16222
0.01182	0.00136	0.16898	0.16618
0.01210	0.00132	0.16492	0.17014
0.01238	0.00137	0.16602	0.17409
0.01266	0.00126	0.15801	0.17805
0.01294	0.00114	0.14854	0.18201
0.01323	0.00109	0.14482	0.18597
0.01351	0.00107	0.14238	0.18992
0.01379	0.00096	0.13309	0.19388
0.01407	0.00088	0.12679	0.19784
0.01435	0.00083	0.12157	0.20179
0.01463	0.00076	0.11658	0.20575
0.01491	0.00076	0.11469	0.20971
0.01520	0.00068	0.10767	0.21366
0.01548	0.00083	0.11898	0.21762
0.01576	0.00074	0.11055	0.22157
0.01604	0.00066	0.10460	0.22553
0.01632	0.00062	0.10002	0.22949
0.01660	0.00062	0.09956	0.23344
0.01688	0.00057	0.09473	0.23740
0.01717	0.00053	0.09058	0.24136
0.01745	0.00060	0.09608	0.24531
0.01773	0.00061	0.09600	0.24927
0.01801	0.00050	0.08655	0.25323
0.01829	0.00049	0.08467	0.25718
0.01857	0.00048	0.08331	0.26114
0.01885	0.00047	0.08223	0.26510
0.01914	0.00048	0.08273	0.26905
0.01942	0.00045	0.07948	0.27301
0.01970	0.00048	0.08115	0.27697
0.01998	0.00045	0.07824	0.28092
0.02026	0.00044	0.07687	0.28488
0.02054	0.00046	0.07877	0.28884
0.02082	0.00044	0.07635	0.29279
0.02111	0.00043	0.07460	0.29675
0.02139	0.00044	0.07555	0.30071
0.02167	0.00032	0.06389	0.30466
0.02195	0.00036	0.06726	0.30862
0.02223	0.00036	0.06703	0.31258
0.02251	0.00030	0.06074	0.31653
0.02279	0.00032	0.06256	0.32049
0.02308	0.00032	0.06254	0.32445
0.02336	0.00031	0.06121	0.32840
0.02364	0.00034	0.06319	0.33236
0.02392	0.00030	0.05934	0.33632
0.02420	0.00030	0.05961	0.34027
0.02448	0.00037	0.06520	0.34423
0.02476	0.00030	0.05860	0.34819
0.02505	0.00033	0.06069	0.35214
0.02533	0.00033	0.06044	0.35610
0.02561	0.00032	0.05972	0.36006
0.02589	0.00027	0.05385	0.36401
0.02617	0.00033	0.05960	0.36797
0.02645	0.00034	0.06069	0.37193
0.02673	0.00032	0.05810	0.37588
0.02701	0.00031	0.05694	0.37984
0.02730	0.00030	0.05583	0.38380
0.02758	0.00030	0.05548	0.38775
0.02786	0.00026	0.05166	0.39171
0.02814	0.00029	0.05429	0.39567
0.02842	0.00031	0.05561	0.39962
0.02870	0.00030	0.05479	0.40358
0.02898	0.00030	0.05480	0.40753
0.02927	0.00031	0.05462	0.41149
0.02955	0.00029	0.05283	0.41545
0.02983	0.00029	0.05269	0.41940
0.03011	0.00030	0.05389	0.42336
0.03039	0.00029	0.05221	0.42732
0.03067	0.00027	0.05070	0.43127
0.03095	0.00026	0.04983	0.43523
0.03124	0.00026	0.04883	0.43919
0.03152	0.00028	0.05089	0.44314
0.03180	0.00025	0.04727	0.44710
0.03208	0.00027	0.04925	0.45106
0.03236	0.00025	0.04783	0.45501
0.03264	0.00022	0.04449	0.45897
0.03292	0.00025	0.04734	0.46293
0.03321	0.00028	0.04948	0.46688
0.03349	0.00025	0.04706	0.47084
0.03377	0.00025	0.04650	0.47480
0.03405	0.00025	0.04589	0.47875
0.03433	0.00026	0.04747	0.48271
0.03461	0.00024	0.04506	0.48666
0.03489	0.00027	0.04736	0.49062
0.03518	0.00025	0.04519	0.49458
0.03546	0.00024	0.04462	0.49853
0.03574	0.00024	0.04407	0.50249
0.03602	0.00024	0.04405	0.50645
0.03630	0.00023	0.04359	0.51040
0.03658	0.00024	0.04366	0.51436
0.03686	0.00029	0.04807	0.51832
0.03714	0.00024	0.04391	0.52227
0.03743	0.00019	0.03904	0.52623
0.03771	0.00019	0.03857	0.53018
0.03799	0.00023	0.04247	0.53414
0.03827	0.00022	0.04085	0.53810
0.03855	0.00022	0.04096	0.54205
0.03883	0.00024	0.04274	0.54601
0.03911	0.00024	0.04227	0.54997
0.03940	0.00023	0.04122	0.55392
0.03968	0.00025	0.04286	0.55788
0.03996	0.00029	0.04640	0.56184
0.04024	0.00031	0.04730	0.56579
0.04052	0.00029	0.04584	0.56975
0.04080	0.00028	0.04467	0.57370
0.04108	0.00026	0.04301	0.57766
0.04137	0.00025	0.04231	0.58162
0.04165	0.00029	0.04542	0.58557
0.04193	0.00026	0.04275	0.58953
0.04221	0.00024	0.04080	0.59349
0.04249	0.00027	0.04317	0.59744
0.04277	0.00029	0.04526	0.60140
0.04305	0.00024	0.04110	0.60536
0.04334	0.00026	0.04230	0.60931
0.04362	0.00020	0.03678	0.61327
0.04390	0.00022	0.03889	0.61722
0.04418	0.00024	0.04001	0.62118
0.04446	0.00020	0.03674	0.62514
0.04474	0.00020	0.03678	0.62909
0.04502	0.00020	0.03678	0.63305
0.04530	0.00023	0.03902	0.63701
0.04559	0.00027	0.04168	0.64096
0.04587	0.00024	0.03964	0.64492
0.04615	0.00024	0.03907	0.64887
0.04643	0.00023	0.03889	0.65283
0.04671	0.00024	0.03913	0.65679
0.04699	0.00025	0.04015	0.66074
0.04727	0.00020	0.03597	0.66470
0.04756	0.00022	0.03727	0.66865
0.04784	0.00022	0.03754	0.67261
0.04812	0.00024	0.03855	0.67657
0.04840	0.00023	0.03804	0.68052
0.04868	0.00020	0.03525	0.68448
0.04896	0.00023	0.03758	0.68844
0.04924	0.00025	0.03933	0.69239
0.04953	0.00025	0.03855	0.69635
0.04981	0.00024	0.03776	0.70030
0.05009	0.00021	0.03543	0.70426
0.05037	0.00020	0.03489	0.70822
0.05065	0.00021	0.03544	0.71217
0.05093	0.00023	0.03684	0.71613
0.05121	0.00022	0.03628	0.72008
0.05149	0.00020	0.03426	0.72404
0.05178	0.00020	0.03420	0.72800
0.05206	0.00021	0.03684	0.73195
0.05234	0.00022	0.03809	0.73591
0.05262	0.00022	0.03840	0.73986
0.05290	0.00025	0.04110	0.74382
0.05318	0.00026	0.04229	0.74778
0.05346	0.00019	0.03656	0.75173
0.05375	0.00023	0.04008	0.75569
0.05403	0.00027	0.04339	0.75964
0.05431	0.00026	0.04275	0.76360
0.05459	0.00022	0.03976	0.76756
0.05487	0.00023	0.04050	0.77151
0.05515	0.00020	0.03822	0.77547
0.05543	0.00021	0.03914	0.77942
0.05572	0.00022	0.03978	0.78338
0.05600	0.00024	0.04186	0.78734
0.05628	0.00024	0.04221	0.79129
0.05656	0.00025	0.04300	0.79525
0.05684	0.00022	0.04086	0.79920
0.05712	0.00022	0.04084	0.80316
0.05740	0.00021	0.04017	0.80712
0.05768	0.00024	0.04214	0.81107
0.05797	0.00020	0.03846	0.81503
0.05825	0.00023	0.04140	0.81898
0.05853	0.00023	0.04140	0.82294
0.05881	0.00021	0.04038	0.82690
0.05909	0.00021	0.04025	0.83085
0.05937	0.00024	0.04298	0.83481
0.05965	0.00023	0.04172	0.83876
0.05994	0.00026	0.04494	0.84272
0.06022	0.00025	0.04380	0.84668
0.06050	0.00025	0.04413	0.85063
0.06078	0.00020	0.03987	0.85459
0.06106	0.00023	0.04202	0.85854
0.06134	0.00023	0.04221	0.86250
0.06162	0.00022	0.04207	0.86645
0.06190	0.00021	0.04015	0.87041
0.06219	0.00023	0.04234	0.87437
0.06247	0.00023	0.04273	0.87832
0.06275	0.00022	0.04160	0.88228
0.06303	0.00021	0.04069	0.88623
0.06331	0.00022	0.04199	0.89019
0.06359	0.00025	0.04434	0.89415
0.06387	0.00025	0.04408	0.89810
0.06416	0.00023	0.04260	0.90206
0.06444	0.00024	0.04408	0.90601
0.06472	0.00022	0.04210	0.90997
0.06500	0.00021	0.04093	0.91392
0.06528	0.00021	0.04073	0.91788
0.06556	0.00026	0.04563	0.92184
0.06584	0.00027	0.04701	0.92579
0.06612	0.00027	0.04656	0.92975
0.06641	0.00023	0.04312	0.93370
0.06669	0.00021	0.04144	0.93766
0.06697	0.00023	0.04376	0.94161
0.06725	0.00023	0.04299	0.94557
0.06753	0.00020	0.04044	0.94952
0.06781	0.00021	0.04191	0.95348
0.06809	0.00025	0.04486	0.95744
0.06838	0.00022	0.04275	0.96139
0.06866	0.00026	0.04621	0.96535
0.06894	0.00026	0.04619	0.96930
0.06922	0.00022	0.04304	0.97326
0.06950	0.00023	0.04367	0.97721
0.06978	0.00025	0.04579	0.98117
0.07006	0.00022	0.04248	0.98513
0.07034	0.00020	0.04031	0.98908
0.07063	0.00024	0.04442	0.99304
0.07091	0.00021	0.04135	0.99699
0.07119	0.00020	0.04104	1.00095
0.07147	0.00019	0.03964	1.00490
0.07175	0.00021	0.04188	1.00886
0.07203	0.00021	0.04145	1.01281
0.07231	0.00021	0.04214	1.01677
0.07260	0.00019	0.03933	1.02072
0.07288	0.00021	0.04223	1.02468
0.07316	0.00022	0.04246	1.02864
0.07344	0.00020	0.04116	1.03259
0.07372	0.00021	0.04174	1.03655
0.07400	0.00021	0.04195	1.04050
0.07428	0.00024	0.04510	1.04446
0.07456	0.00023	0.04355	1.04841
0.07485	0.00021	0.04150	1.05237
0.07513	0.00019	0.03978	1.05632
0.07541	0.00026	0.04725	1.06028
0.07569	0.00025	0.04574	1.06423
0.07597	0.00020	0.04153	1.06819
0.07625	0.00020	0.04069	1.07214
0.07653	0.00022	0.04265	1.07610
0.07681	0.00022	0.04334	1.08006
0.07710	0.00021	0.04261	1.08401
0.07738	0.00022	0.04338	1.08797
0.07766	0.00021	0.04183	1.09192
0.07794	0.00019	0.04064	1.09588
0.07822	0.00021	0.04207	1.09983
0.07850	0.00022	0.04288	1.10379
0.07878	0.00019	0.04006	1.10774
0.07906	0.00024	0.04475	1.11170
0.07935	0.00021	0.04242	1.11565
0.07963	0.00019	0.04019	1.11961
0.07991	0.00017	0.03800	1.12356
0.08019	0.00018	0.03903	1.12752
0.08047	0.00023	0.04434	1.13147
0.08075	0.00024	0.04489	1.13543
0.08103	0.00020	0.04152	1.13938
0.08132	0.00020	0.04121	1.14334
0.08160	0.00017	0.03848	1.14729
0.08188	0.00018	0.03954	1.15125
0.08216	0.00020	0.04184	1.15520
0.08244	0.00020	0.04189	1.15916
0.08272	0.00021	0.04267	1.16311
0.08300	0.00020	0.04100	1.16707
0.08328	0.00017	0.03850	1.17102
0.08357	0.00017	0.03863	1.17498
0.08385	0.00017	0.03877	1.17893
0.08413	0.00016	0.03697	1.18289
0.08441	0.00021	0.04242	1.18685
0.08469	0.00023	0.04437	1.19080
0.08497	0.00019	0.04018	1.19476
0.08525	0.00017	0.03858	1.19871
0.08553	0.00018	0.03963	1.20267
0.08582	0.00018	0.03938	1.20662
0.08610	0.00017	0.03790	1.21057
0.08638	0.00018	0.03970	1.21453
0.08666	0.00018	0.03996	1.21848
0.08694	0.00019	0.04060	1.22244
0.08722	0.00021	0.04309	1.22639
0.08750	0.00017	0.03880	1.23035
0.08778	0.00018	0.03907	1.23430
0.08807	0.00020	0.04121	1.23826
0.08835	0.00019	0.04088	1.24221
0.08863	0.00018	0.03975	1.24617
0.08891	0.00017	0.03853	1.25012
0.08919	0.00018	0.03973	1.25408
0.08947	0.00020	0.04210	1.25803
0.08975	0.00019	0.04082	1.26199
0.09003	0.00019	0.04012	1.26594
0.09032	0.00018	0.03997	1.26990
0.09060	0.00016	0.03709	1.27385
0.09088	0.00017	0.03819	1.27781
0.09116	0.00019	0.04023	1.28176
0.09144	0.00022	0.04351	1.28572
0.09172	0.00020	0.04131	1.28967
0.09200	0.00019	0.04104	1.29363
0.09228	0.00017	0.03813	1.29758
0.09257	0.00015	0.03603	1.30154
0.09285	0.00017	0.03827	1.30549
0.09313	0.00019	0.04074	1.30945
0.09341	0.00020	0.04229	1.31340
0.09369	0.00018	0.03971	1.31735
0.09397	0.00016	0.03693	1.32131
0.09425	0.00018	0.03975	1.32526
0.09453	0.00021	0.04278	1.32922
0.09482	0.00018	0.03948	1.33317
0.09510	0.00016	0.03787	1.33713
0.09538	0.00020	0.04143	1.34108
0.09566	0.00016	0.03773	1.34504
0.09594	0.00020	0.04137	1.34899
0.09622	0.00022	0.04352	1.35295
0.09650	0.00022	0.04396	1.35690
0.09678	0.00021	0.04273	1.36085
0.09707	0.00020	0.04146	1.36481
0.09735	0.00020	0.04143	1.36876
0.09763	0.00020	0.04203	1.37272
0.09791	0.00017	0.03893	1.37667
0.09819	0.00021	0.04344	1.38063
0.09847	0.00020	0.04187	1.38458
0.09875	0.00019	0.04077	1.38854
0.09903	0.00019	0.04128	1.39249
0.09932	0.00019	0.04139	1.39644
0.09960	0.00020	0.04186	1.40040
0.09988	0.00018	0.03950	1.40435
0.10016	0.00017	0.03833	1.40831
0.10044	0.00014	0.03576	1.41226
0.10072	0.00016	0.03752	1.41622
0.10100	0.00017	0.03888	1.42017
0.10128	0.00020	0.04173	1.42412
0.10157	0.00019	0.04097	1.42808
0.10185	0.00018	0.03989	1.43203
0.10213	0.00017	0.03906	1.43599
0.10241	0.00018	0.03938	1.43994
0.10269	0.00019	0.04049	1.44390
0.10297	0.00019	0.04087	1.44785
0.10325	0.00019	0.04111	1.45180
0.10353	0.00020	0.04181	1.45576
0.10381	0.00017	0.03836	1.45971
0.10410	0.00018	0.04023	1.46367
0.10438	0.00022	0.04369	1.46762
0.10466	0.00019	0.04097	1.47157
0.10494	0.00015	0.03643	1.47553
0.10522	0.00016	0.03801	1.47948
0.10550	0.00019	0.04068	1.48344
0.10578	0.00018	0.03947	1.48739
0.10606	0.00019	0.04080	1.49135
0.10635	0.00019	0.04130	1.49530
0.10663	0.00019	0.04097	1.49925
0.10691	0.00016	0.03793	1.50321
0.10719	0.00020	0.04166	1.50716
0.10747	0.00020	0.04180	1.51112
0.10775	0.00020	0.04242	1.51507
0.10803	0.00021	0.04267	1.51902
0.10831	0.00017	0.03851	1.52298
0.10860	0.00016	0.03781	1.52693
0.10888	0.00017	0.03934	1.53088
0.10916	0.00018	0.03963	1.53484
0.10944	0.00021	0.04327	1.53879
0.10972	0.00019	0.04120	1.54275
0.11000	0.00018	0.03985	1.54670
0.11028	0.00018	0.04018	1.55065
0.11056	0.00018	0.03979	1.55461
0.11084	0.00018	0.04035	1.55856
0.11113	0.00021	0.04369	1.56252
0.11141	0.00021	0.04352	1.56647
0.11169	0.00017	0.03850	1.57042
0.11197	0.00017	0.03918	1.57438
0.11225	0.00020	0.04210	1.57833
0.11253	0.00019	0.04130	1.58228
0.11281	0.00017	0.03874	1.58624
0.11309	0.00015	0.03708	1.59019
0.11338	0.00016	0.03831	1.59415
0.11366	0.00019	0.04062	1.59810
0.11394	0.00023	0.04542	1.60205
0.11422	0.00037	0.05761	1.60601
0.11450	0.00028	0.04996	1.60996
0.11478	0.00021	0.04365	1.61391
0.11506	0.00019	0.04104	1.61787
0.11534	0.00022	0.04452	1.62182
0.11562	0.00022	0.04387	1.62577
0.11591	0.00018	0.04062	1.62973
0.11619	0.00020	0.04178	1.63368
0.11647	0.00019	0.04098	1.63763
0.11675	0.00018	0.03988	1.64159
0.11703	0.00020	0.04241	1.64554
0.11731	0.00017	0.03936	1.64949
0.11759	0.00020	0.04191	1.65345
0.11787	0.00018	0.04015	1.65740
0.11815	0.00019	0.04162	1.66135
0.11844	0.00018	0.03972	1.66531
0.11872	0.00015	0.03706	1.66926
0.11900	0.00019	0.04139	1.67322
0.11928	0.00018	0.04053	1.67717
0.11956	0.00018	0.04055	1.68112
0.11984	0.00018	0.04007	1.68508
0.12012	0.00019	0.04161	1.68903
0.12040	0.00019	0.04127	1.69298
0.12068	0.00021	0.04347	1.69693
0.12097	0.00019	0.04118	1.70089
0.12125	0.00021	0.04377	1.70484
0.12153	0.00020	0.04256	1.70879
0.12181	0.00019	0.04092	1.71275
0.12209	0.00018	0.04041	1.71670
0.12237	0.00016	0.03828	1.72065
0.12265	0.00015	0.03663	1.72461
0.12293	0.00015	0.03708	1.72856
0.12322	0.00016	0.03830	1.73251
0.12350	0.00016	0.03842	1.73647
0.12378	0.00019	0.04155	1.74042
0.12406	0.00017	0.03881	1.74437
0.12434	0.00017	0.03853	1.74833
0.12462	0.00021	0.04318	1.75228
0.12490	0.00020	0.04268	1.75623
0.12518	0.00020	0.04245	1.76018
0.12546	0.00018	0.04046	1.76414
0.12575	0.00014	0.03593	1.76809
0.12603	0.00017	0.03875	1.77204
0.12631	0.00018	0.04063	1.77600
0.12659	0.00018	0.04004	1.77995
0.12687	0.00018	0.04021	1.78390
0.12715	0.00016	0.03793	1.78786
0.12743	0.00016	0.03761	1.79181
0.12771	0.00016	0.03785	1.79576
0.12799	0.00018	0.03982	1.79971
0.12828	0.00018	0.04077	1.80367
0.12856	0.00017	0.03902	1.80762
0.12884	0.00025	0.04761	1.81157
0.12912	0.00043	0.06221	1.81552
0.12940	0.00046	0.06409	1.81948
0.12968	0.00018	0.04042	1.82343
0.12996	0.00018	0.04074	1.82738
0.13024	0.00021	0.04321	1.83134
0.13052	0.00020	0.04192	1.83529
0.13080	0.00016	0.03836	1.83924
0.13109	0.00017	0.03864	1.84319
0.13137	0.00013	0.03374	1.84715
0.13165	0.00014	0.03572	1.85110
0.13193	0.00016	0.03825	1.85505
0.13221	0.00015	0.03733	1.85900
0.13249	0.00015	0.03715	1.86296
0.13277	0.00014	0.03598	1.86691
0.13305	0.00018	0.04073	1.87086
0.13333	0.00017	0.03867	1.87481
0.13362	0.00022	0.04415	1.87877
0.13390	0.00021	0.04313	1.88272
0.13418	0.00020	0.04252	1.88667
0.13446	0.00015	0.03767	1.89062
0.13474	0.00015	0.04104	1.89458
0.13502	0.00019	0.04862	1.89853
0.13530	0.00021	0.05250	1.90248
0.13558	0.00019	0.05259	1.90643
0.13586	0.00013	0.04423	1.91039
0.13615	0.00016	0.05046	1.91434
0.13643	0.00017	0.05403	1.91829
0.13671	0.00017	0.05470	1.92224
0.13699	0.00016	0.05551	1.92619
0.13727	0.00019	0.06238	1.93015
0.13755	0.00018	0.06244	1.93410
0.13783	0.00018	0.06357	1.93805
0.13811	0.00020	0.06949	1.94200
0.13839	0.00023	0.07569	1.94596
0.13867	0.00019	0.07254	1.94991
0.13896	0.00020	0.07522	1.95386
0.13924	0.00019	0.07741	1.95781
0.13952	0.00019	0.07843	1.96176
0.13980	0.00023	0.09154	1.96572
0.14008	0.00019	0.08632	1.96967
0.14036	0.00017	0.08361	1.97362
0.14064	0.00012	0.07535	1.97757
0.14092	0.00016	0.08898	1.98152
0.14120	0.00028	0.12543	1.98548
0.14148	0.00023	0.11890	1.98943
0.14177	0.00022	0.12416	1.99338
0.14205	0.00016	0.11326	1.99733
0.14233	0.00020	0.13779	2.00128
0.14261	0.00024	0.16338	2.00524
0.14289	0.00015	0.14590	2.00919
0.14317	0.00017	0.17697	2.01314
0.14345	0.00005	0.11170	2.01709
0.14373	0.00025	0.35831	2.02104
0.14401	0.00028	0.83716	2.02500
