q(A-1)	I(q)20230413_0_00010.edf{0}_circles_6_division_ExposureTime	Sig(q)20230413_0_00010.edf{0}_circles_6	2Theta(degrees)
0.00000	nan	nan	0.00000
0.00028	nan	nan	0.00396
0.00056	nan	nan	0.00791
0.00084	nan	nan	0.01187
0.00113	nan	nan	0.01583
0.00141	nan	nan	0.01978
0.00169	nan	nan	0.02374
0.00197	nan	nan	0.02770
0.00225	nan	nan	0.03165
0.00253	nan	nan	0.03561
0.00281	nan	nan	0.03957
0.00310	nan	nan	0.04352
0.00338	nan	nan	0.04748
0.00366	nan	nan	0.05144
0.00394	nan	nan	0.05539
0.00422	0.05972	22.13018	0.05935
0.00450	0.05705	3.45035	0.06331
0.00478	0.05443	1.87426	0.06726
0.00507	0.05044	1.46987	0.07122
0.00535	0.04446	1.33217	0.07518
0.00563	0.04111	1.24609	0.07913
0.00591	0.03799	1.16747	0.08309
0.00619	0.03527	1.08984	0.08705
0.00647	0.03396	1.04991	0.09100
0.00675	0.03305	1.00716	0.09496
0.00704	0.03143	0.97158	0.09892
0.00732	0.02986	0.93845	0.10287
0.00760	0.02882	0.90600	0.10683
0.00788	0.02785	0.88407	0.11079
0.00816	0.02672	0.85107	0.11474
0.00844	0.02622	0.83781	0.11870
0.00872	0.02562	0.81750	0.12266
0.00901	0.02504	0.79654	0.12661
0.00929	0.02445	0.78346	0.13057
0.00957	0.02338	0.75320	0.13453
0.00985	0.02332	0.74959	0.13848
0.01013	0.02311	0.73464	0.14244
0.01041	0.02192	0.70853	0.14640
0.01069	0.02158	0.69879	0.15035
0.01097	0.02129	0.68395	0.15431
0.01126	0.02107	0.67784	0.15827
0.01154	0.02091	0.66486	0.16222
0.01182	0.02032	0.65211	0.16618
0.01210	0.01963	0.63588	0.17014
0.01238	0.01959	0.62666	0.17409
0.01266	0.01922	0.61833	0.17805
0.01294	0.01862	0.60048	0.18201
0.01323	0.01816	0.59097	0.18597
0.01351	0.01804	0.58374	0.18992
0.01379	0.01735	0.56525	0.19388
0.01407	0.01695	0.55762	0.19784
0.01435	0.01685	0.54879	0.20179
0.01463	0.01663	0.54372	0.20575
0.01491	0.01575	0.52268	0.20971
0.01520	0.01575	0.51938	0.21366
0.01548	0.01546	0.51242	0.21762
0.01576	0.01549	0.50687	0.22157
0.01604	0.01494	0.49627	0.22553
0.01632	0.01432	0.48026	0.22949
0.01660	0.01404	0.47388	0.23344
0.01688	0.01391	0.46873	0.23740
0.01717	0.01364	0.45963	0.24136
0.01745	0.01359	0.45651	0.24531
0.01773	0.01339	0.44905	0.24927
0.01801	0.01314	0.44373	0.25323
0.01829	0.01287	0.43550	0.25718
0.01857	0.01239	0.42395	0.26114
0.01885	0.01201	0.41599	0.26510
0.01914	0.01150	0.40322	0.26905
0.01942	0.01123	0.39772	0.27301
0.01970	0.01089	0.38707	0.27697
0.01998	0.01088	0.38587	0.28092
0.02026	0.01066	0.38008	0.28488
0.02054	0.01059	0.37605	0.28884
0.02082	0.01015	0.36667	0.29279
0.02111	0.00990	0.35835	0.29675
0.02139	0.00961	0.35305	0.30071
0.02167	0.00983	0.35414	0.30466
0.02195	0.00917	0.34001	0.30862
0.02223	0.00859	0.32795	0.31258
0.02251	0.00864	0.32591	0.31653
0.02279	0.00849	0.32308	0.32049
0.02308	0.00813	0.31310	0.32445
0.02336	0.00791	0.30748	0.32840
0.02364	0.00769	0.30235	0.33236
0.02392	0.00755	0.29696	0.33632
0.02420	0.00718	0.28961	0.34027
0.02448	0.00732	0.28898	0.34423
0.02476	0.00706	0.28373	0.34819
0.02504	0.00702	0.28142	0.35214
0.02533	0.00662	0.27158	0.35610
0.02561	0.00616	0.26129	0.36006
0.02589	0.00629	0.26162	0.36401
0.02617	0.00619	0.25938	0.36797
0.02645	0.00606	0.25513	0.37193
0.02673	0.00583	0.24872	0.37588
0.02701	0.00558	0.24274	0.37984
0.02730	0.00560	0.24131	0.38380
0.02758	0.00554	0.24009	0.38775
0.02786	0.00515	0.22939	0.39171
0.02814	0.00524	0.23070	0.39567
0.02842	0.00499	0.22445	0.39962
0.02870	0.00489	0.22070	0.40358
0.02898	0.00468	0.21586	0.40753
0.02927	0.00456	0.21104	0.41149
0.02955	0.00448	0.20899	0.41545
0.02983	0.00424	0.20241	0.41940
0.03011	0.00428	0.20232	0.42336
0.03039	0.00426	0.20130	0.42732
0.03067	0.00402	0.19410	0.43127
0.03095	0.00381	0.18903	0.43523
0.03124	0.00366	0.18396	0.43919
0.03152	0.00347	0.17848	0.44314
0.03180	0.00338	0.17544	0.44710
0.03208	0.00329	0.17223	0.45106
0.03236	0.00312	0.16782	0.45501
0.03264	0.00330	0.17120	0.45897
0.03292	0.00312	0.16605	0.46293
0.03321	0.00292	0.15994	0.46688
0.03349	0.00280	0.15617	0.47084
0.03377	0.00291	0.15884	0.47480
0.03405	0.00269	0.15144	0.47875
0.03433	0.00264	0.15019	0.48271
0.03461	0.00269	0.15057	0.48666
0.03489	0.00264	0.14888	0.49062
0.03517	0.00246	0.14306	0.49458
0.03546	0.00230	0.13751	0.49853
0.03574	0.00222	0.13529	0.50249
0.03602	0.00222	0.13436	0.50645
0.03630	0.00217	0.13244	0.51040
0.03658	0.00211	0.13004	0.51436
0.03686	0.00197	0.12534	0.51832
0.03714	0.00201	0.12646	0.52227
0.03743	0.00201	0.12532	0.52623
0.03771	0.00185	0.12032	0.53018
0.03799	0.00175	0.11659	0.53414
0.03827	0.00171	0.11489	0.53810
0.03855	0.00161	0.11136	0.54205
0.03883	0.00157	0.10904	0.54601
0.03911	0.00162	0.11068	0.54997
0.03940	0.00145	0.10404	0.55392
0.03968	0.00139	0.10199	0.55788
0.03996	0.00145	0.10376	0.56184
0.04024	0.00147	0.10363	0.56579
0.04052	0.00134	0.09915	0.56975
0.04080	0.00133	0.09800	0.57370
0.04108	0.00137	0.09970	0.57766
0.04137	0.00127	0.09532	0.58162
0.04165	0.00117	0.09115	0.58557
0.04193	0.00118	0.09174	0.58953
0.04221	0.00113	0.08907	0.59349
0.04249	0.00111	0.08822	0.59744
0.04277	0.00105	0.08557	0.60140
0.04305	0.00111	0.08758	0.60536
0.04333	0.00106	0.08561	0.60931
0.04362	0.00104	0.08414	0.61327
0.04390	0.00103	0.08397	0.61722
0.04418	0.00096	0.08058	0.62118
0.04446	0.00082	0.07435	0.62514
0.04474	0.00085	0.07538	0.62909
0.04502	0.00081	0.07332	0.63305
0.04530	0.00073	0.06967	0.63701
0.04559	0.00079	0.07213	0.64096
0.04587	0.00083	0.07357	0.64492
0.04615	0.00077	0.07055	0.64887
0.04643	0.00072	0.06803	0.65283
0.04671	0.00071	0.06744	0.65679
0.04699	0.00067	0.06531	0.66074
0.04727	0.00069	0.06613	0.66470
0.04756	0.00070	0.06616	0.66865
0.04784	0.00062	0.06222	0.67261
0.04812	0.00066	0.06442	0.67657
0.04840	0.00064	0.06285	0.68052
0.04868	0.00062	0.06207	0.68448
0.04896	0.00064	0.06243	0.68844
0.04924	0.00057	0.05910	0.69239
0.04953	0.00057	0.05881	0.69635
0.04981	0.00054	0.05725	0.70030
0.05009	0.00053	0.05635	0.70426
0.05037	0.00051	0.05493	0.70822
0.05065	0.00049	0.05405	0.71217
0.05093	0.00047	0.05236	0.71613
0.05121	0.00051	0.05460	0.72008
0.05149	0.00048	0.05309	0.72404
0.05178	0.00047	0.05294	0.72800
0.05206	0.00046	0.05440	0.73195
0.05234	0.00042	0.05235	0.73591
0.05262	0.00045	0.05463	0.73986
0.05290	0.00040	0.05222	0.74382
0.05318	0.00039	0.05151	0.74778
0.05346	0.00043	0.05437	0.75173
0.05375	0.00041	0.05328	0.75569
0.05403	0.00043	0.05516	0.75964
0.05431	0.00040	0.05288	0.76360
0.05459	0.00036	0.05077	0.76756
0.05487	0.00039	0.05319	0.77151
0.05515	0.00041	0.05458	0.77547
0.05543	0.00037	0.05202	0.77942
0.05571	0.00038	0.05265	0.78338
0.05600	0.00038	0.05253	0.78734
0.05628	0.00038	0.05310	0.79129
0.05656	0.00037	0.05243	0.79525
0.05684	0.00036	0.05175	0.79920
0.05712	0.00035	0.05110	0.80316
0.05740	0.00032	0.04877	0.80712
0.05768	0.00028	0.04579	0.81107
0.05797	0.00034	0.05036	0.81503
0.05825	0.00034	0.05062	0.81898
0.05853	0.00034	0.05041	0.82294
0.05881	0.00031	0.04904	0.82690
0.05909	0.00030	0.04795	0.83085
0.05937	0.00034	0.05136	0.83481
0.05965	0.00035	0.05217	0.83876
0.05993	0.00032	0.04965	0.84272
0.06022	0.00033	0.05032	0.84668
0.06050	0.00031	0.04873	0.85063
0.06078	0.00024	0.04362	0.85459
0.06106	0.00030	0.04834	0.85854
0.06134	0.00031	0.04892	0.86250
0.06162	0.00032	0.05018	0.86645
0.06190	0.00033	0.05046	0.87041
0.06219	0.00031	0.04996	0.87437
0.06247	0.00031	0.04930	0.87832
0.06275	0.00033	0.05121	0.88228
0.06303	0.00034	0.05193	0.88623
0.06331	0.00026	0.04553	0.89019
0.06359	0.00029	0.04832	0.89415
0.06387	0.00036	0.05321	0.89810
0.06415	0.00032	0.05063	0.90206
0.06444	0.00030	0.04910	0.90601
0.06472	0.00029	0.04809	0.90997
0.06500	0.00029	0.04839	0.91392
0.06528	0.00030	0.04936	0.91788
0.06556	0.00026	0.04629	0.92184
0.06584	0.00030	0.04934	0.92579
0.06612	0.00029	0.04847	0.92975
0.06641	0.00024	0.04460	0.93370
0.06669	0.00025	0.04497	0.93766
0.06697	0.00031	0.05051	0.94161
0.06725	0.00029	0.04849	0.94557
0.06753	0.00028	0.04779	0.94952
0.06781	0.00030	0.04940	0.95348
0.06809	0.00025	0.04517	0.95744
0.06837	0.00026	0.04635	0.96139
0.06866	0.00027	0.04665	0.96535
0.06894	0.00029	0.04906	0.96930
0.06922	0.00023	0.04379	0.97326
0.06950	0.00026	0.04622	0.97721
0.06978	0.00029	0.04881	0.98117
0.07006	0.00029	0.04852	0.98513
0.07034	0.00026	0.04622	0.98908
0.07063	0.00025	0.04586	0.99304
0.07091	0.00028	0.04811	0.99699
0.07119	0.00028	0.04799	1.00095
0.07147	0.00028	0.04811	1.00490
0.07175	0.00028	0.04849	1.00886
0.07203	0.00032	0.05168	1.01281
0.07231	0.00028	0.04809	1.01677
0.07259	0.00029	0.04935	1.02072
0.07288	0.00032	0.05170	1.02468
0.07316	0.00029	0.04889	1.02864
0.07344	0.00030	0.05038	1.03259
0.07372	0.00029	0.04960	1.03655
0.07400	0.00026	0.04646	1.04050
0.07428	0.00022	0.04288	1.04446
0.07456	0.00024	0.04490	1.04841
0.07484	0.00030	0.05018	1.05237
0.07513	0.00031	0.05097	1.05632
0.07541	0.00027	0.04749	1.06028
0.07569	0.00024	0.04537	1.06423
0.07597	0.00027	0.04798	1.06819
0.07625	0.00029	0.04936	1.07214
0.07653	0.00028	0.04868	1.07610
0.07681	0.00025	0.04560	1.08006
0.07710	0.00029	0.04922	1.08401
0.07738	0.00030	0.05055	1.08797
0.07766	0.00029	0.04965	1.09192
0.07794	0.00026	0.04732	1.09588
0.07822	0.00030	0.05010	1.09983
0.07850	0.00028	0.04876	1.10379
0.07878	0.00027	0.04808	1.10774
0.07906	0.00029	0.05008	1.11170
0.07935	0.00030	0.05025	1.11565
0.07963	0.00027	0.04828	1.11961
0.07991	0.00031	0.05126	1.12356
0.08019	0.00029	0.05019	1.12752
0.08047	0.00028	0.04889	1.13147
0.08075	0.00028	0.04861	1.13543
0.08103	0.00029	0.04945	1.13938
0.08131	0.00028	0.04863	1.14334
0.08160	0.00024	0.04522	1.14729
0.08188	0.00027	0.04790	1.15125
0.08216	0.00024	0.04543	1.15520
0.08244	0.00025	0.04596	1.15916
0.08272	0.00022	0.04383	1.16311
0.08300	0.00024	0.04504	1.16707
0.08328	0.00025	0.04634	1.17102
0.08356	0.00025	0.04652	1.17498
0.08385	0.00024	0.04540	1.17893
0.08413	0.00023	0.04454	1.18289
0.08441	0.00024	0.04507	1.18685
0.08469	0.00023	0.04480	1.19080
0.08497	0.00028	0.04910	1.19476
0.08525	0.00027	0.04831	1.19871
0.08553	0.00026	0.04737	1.20267
0.08582	0.00025	0.04644	1.20662
0.08610	0.00027	0.04820	1.21057
0.08638	0.00028	0.04899	1.21453
0.08666	0.00024	0.04511	1.21848
0.08694	0.00026	0.04786	1.22244
0.08722	0.00028	0.04932	1.22639
0.08750	0.00022	0.04401	1.23035
0.08778	0.00023	0.04416	1.23430
0.08807	0.00023	0.04478	1.23826
0.08835	0.00025	0.04657	1.24221
0.08863	0.00023	0.04512	1.24617
0.08891	0.00025	0.04615	1.25012
0.08919	0.00021	0.04235	1.25408
0.08947	0.00021	0.04304	1.25803
0.08975	0.00021	0.04242	1.26199
0.09003	0.00023	0.04506	1.26594
0.09032	0.00022	0.04388	1.26990
0.09060	0.00021	0.04286	1.27385
0.09088	0.00023	0.04509	1.27781
0.09116	0.00024	0.04601	1.28176
0.09144	0.00024	0.04544	1.28572
0.09172	0.00022	0.04376	1.28967
0.09200	0.00020	0.04159	1.29363
0.09228	0.00021	0.04280	1.29758
0.09257	0.00023	0.04516	1.30154
0.09285	0.00023	0.04519	1.30549
0.09313	0.00021	0.04318	1.30945
0.09341	0.00023	0.04511	1.31340
0.09369	0.00022	0.04415	1.31735
0.09397	0.00019	0.04076	1.32131
0.09425	0.00018	0.03994	1.32526
0.09453	0.00020	0.04152	1.32922
0.09482	0.00020	0.04178	1.33317
0.09510	0.00017	0.03915	1.33713
0.09538	0.00020	0.04183	1.34108
0.09566	0.00020	0.04207	1.34504
0.09594	0.00021	0.04296	1.34899
0.09622	0.00022	0.04418	1.35295
0.09650	0.00020	0.04175	1.35690
0.09678	0.00020	0.04161	1.36085
0.09706	0.00018	0.03985	1.36481
0.09735	0.00018	0.03953	1.36876
0.09763	0.00021	0.04284	1.37272
0.09791	0.00024	0.04553	1.37667
0.09819	0.00024	0.04549	1.38063
0.09847	0.00019	0.04125	1.38458
0.09875	0.00020	0.04240	1.38854
0.09903	0.00020	0.04177	1.39249
0.09931	0.00018	0.03962	1.39644
0.09960	0.00019	0.04132	1.40040
0.09988	0.00018	0.03992	1.40435
0.10016	0.00021	0.04354	1.40831
0.10044	0.00018	0.04031	1.41226
0.10072	0.00022	0.04408	1.41622
0.10100	0.00018	0.03977	1.42017
0.10128	0.00019	0.04113	1.42412
0.10156	0.00020	0.04204	1.42808
0.10185	0.00019	0.04102	1.43203
0.10213	0.00019	0.04131	1.43599
0.10241	0.00020	0.04175	1.43994
0.10269	0.00021	0.04274	1.44390
0.10297	0.00020	0.04171	1.44785
0.10325	0.00019	0.04145	1.45180
0.10353	0.00021	0.04343	1.45576
0.10381	0.00022	0.04462	1.45971
0.10410	0.00021	0.04343	1.46367
0.10438	0.00024	0.04613	1.46762
0.10466	0.00018	0.04010	1.47157
0.10494	0.00020	0.04216	1.47553
0.10522	0.00017	0.03907	1.47948
0.10550	0.00020	0.04157	1.48344
0.10578	0.00021	0.04272	1.48739
0.10606	0.00021	0.04302	1.49135
0.10634	0.00023	0.04522	1.49530
0.10663	0.00019	0.04107	1.49925
0.10691	0.00019	0.04133	1.50321
0.10719	0.00019	0.04056	1.50716
0.10747	0.00021	0.04371	1.51112
0.10775	0.00023	0.04496	1.51507
0.10803	0.00027	0.04900	1.51902
0.10831	0.00026	0.04765	1.52298
0.10859	0.00021	0.04335	1.52693
0.10888	0.00019	0.04098	1.53088
0.10916	0.00021	0.04302	1.53484
0.10944	0.00018	0.03989	1.53879
0.10972	0.00019	0.04088	1.54275
0.11000	0.00019	0.04130	1.54670
0.11028	0.00021	0.04347	1.55065
0.11056	0.00021	0.04295	1.55461
0.11084	0.00018	0.04002	1.55856
0.11113	0.00019	0.04090	1.56252
0.11141	0.00018	0.04029	1.56647
0.11169	0.00018	0.04007	1.57042
0.11197	0.00018	0.03991	1.57438
0.11225	0.00016	0.03755	1.57833
0.11253	0.00016	0.03778	1.58228
0.11281	0.00016	0.03807	1.58624
0.11309	0.00023	0.04505	1.59019
0.11337	0.00023	0.04491	1.59415
0.11366	0.00017	0.03904	1.59810
0.11394	0.00016	0.03735	1.60205
0.11422	0.00019	0.04069	1.60601
0.11450	0.00021	0.04350	1.60996
0.11478	0.00019	0.04126	1.61391
0.11506	0.00023	0.04515	1.61787
0.11534	0.00022	0.04413	1.62182
0.11562	0.00023	0.04564	1.62577
0.11590	0.00021	0.04342	1.62973
0.11619	0.00019	0.04088	1.63368
0.11647	0.00022	0.04471	1.63763
0.11675	0.00020	0.04233	1.64159
0.11703	0.00018	0.04040	1.64554
0.11731	0.00021	0.04370	1.64949
0.11759	0.00022	0.04391	1.65345
0.11787	0.00019	0.04168	1.65740
0.11815	0.00016	0.03839	1.66135
0.11844	0.00020	0.04218	1.66531
0.11872	0.00020	0.04275	1.66926
0.11900	0.00021	0.04363	1.67322
0.11928	0.00021	0.04340	1.67717
0.11956	0.00019	0.04160	1.68112
0.11984	0.00019	0.04156	1.68508
0.12012	0.00022	0.04432	1.68903
0.12040	0.00019	0.04107	1.69298
0.12068	0.00020	0.04239	1.69693
0.12097	0.00018	0.03983	1.70089
0.12125	0.00019	0.04177	1.70484
0.12153	0.00021	0.04385	1.70879
0.12181	0.00020	0.04238	1.71275
0.12209	0.00019	0.04142	1.71670
0.12237	0.00018	0.03976	1.72065
0.12265	0.00018	0.04067	1.72461
0.12293	0.00019	0.04104	1.72856
0.12321	0.00018	0.04021	1.73251
0.12350	0.00021	0.04303	1.73647
0.12378	0.00017	0.03936	1.74042
0.12406	0.00018	0.03985	1.74437
0.12434	0.00021	0.04345	1.74833
0.12462	0.00017	0.03929	1.75228
0.12490	0.00018	0.04034	1.75623
0.12518	0.00020	0.04283	1.76018
0.12546	0.00019	0.04101	1.76414
0.12574	0.00020	0.04224	1.76809
0.12603	0.00020	0.04204	1.77204
0.12631	0.00019	0.04084	1.77600
0.12659	0.00016	0.03773	1.77995
0.12687	0.00018	0.03994	1.78390
0.12715	0.00020	0.04227	1.78786
0.12743	0.00017	0.03956	1.79181
0.12771	0.00016	0.03811	1.79576
0.12799	0.00019	0.04176	1.79971
0.12827	0.00018	0.04049	1.80367
0.12856	0.00017	0.03857	1.80762
0.12884	0.00021	0.04311	1.81157
0.12912	0.00019	0.04166	1.81552
0.12940	0.00019	0.04132	1.81948
0.12968	0.00016	0.03853	1.82343
0.12996	0.00019	0.04135	1.82738
0.13024	0.00021	0.04304	1.83134
0.13052	0.00019	0.04116	1.83529
0.13080	0.00020	0.04201	1.83924
0.13109	0.00018	0.04022	1.84319
0.13137	0.00020	0.04197	1.84715
0.13165	0.00022	0.04479	1.85110
0.13193	0.00020	0.04198	1.85505
0.13221	0.00018	0.04048	1.85900
0.13249	0.00017	0.03913	1.86296
0.13277	0.00019	0.04087	1.86691
0.13305	0.00018	0.04068	1.87086
0.13333	0.00019	0.04188	1.87481
0.13361	0.00021	0.04324	1.87877
0.13390	0.00020	0.04254	1.88272
0.13418	0.00019	0.04190	1.88667
0.13446	0.00022	0.04629	1.89062
0.13474	0.00019	0.04601	1.89458
0.13502	0.00020	0.04983	1.89853
0.13530	0.00022	0.05414	1.90248
0.13558	0.00025	0.05922	1.90643
0.13586	0.00027	0.06387	1.91039
0.13614	0.00022	0.05938	1.91434
0.13643	0.00026	0.06600	1.91829
0.13671	0.00023	0.06476	1.92224
0.13699	0.00028	0.07232	1.92619
0.13727	0.00027	0.07399	1.93015
0.13755	0.00030	0.08031	1.93410
0.13783	0.00026	0.07644	1.93805
0.13811	0.00021	0.07084	1.94200
0.13839	0.00025	0.07932	1.94596
0.13867	0.00028	0.08684	1.94991
0.13895	0.00016	0.06748	1.95386
0.13924	0.00018	0.07513	1.95781
0.13952	0.00026	0.09360	1.96176
0.13980	0.00017	0.07715	1.96572
0.14008	0.00017	0.08106	1.96967
0.14036	0.00019	0.09005	1.97362
0.14064	0.00016	0.08602	1.97757
0.14092	0.00018	0.09532	1.98152
0.14120	0.00013	0.08464	1.98548
0.14148	0.00009	0.07638	1.98943
0.14177	0.00018	0.11087	1.99338
0.14205	0.00025	0.14070	1.99733
0.14233	0.00021	0.13883	2.00128
0.14261	0.00015	0.13173	2.00524
0.14289	0.00013	0.13362	2.00919
0.14317	0.00031	0.24136	2.01314
0.14345	0.00017	0.21481	2.01709
0.14373	0.00013	0.25624	2.02104
0.14401	0.00000	0.00000	2.02500
