q(A-1)	I(q)20230413_0_00018.edf{0}_circles_21_division_ExposureTime	Sig(q)20230413_0_00018.edf{0}_circles_21	2Theta(degrees)
0.00000	nan	nan	0.00000
0.00028	nan	nan	0.00396
0.00056	nan	nan	0.00791
0.00084	nan	nan	0.01187
0.00113	nan	nan	0.01583
0.00141	nan	nan	0.01978
0.00169	nan	nan	0.02374
0.00197	nan	nan	0.02770
0.00225	nan	nan	0.03165
0.00253	nan	nan	0.03561
0.00281	nan	nan	0.03957
0.00310	nan	nan	0.04352
0.00338	nan	nan	0.04748
0.00366	nan	nan	0.05144
0.00394	nan	nan	0.05539
0.00422	0.02472	14.23838	0.05935
0.00450	0.02448	2.26019	0.06331
0.00478	0.02214	1.19530	0.06726
0.00507	0.01982	0.92143	0.07122
0.00535	0.01771	0.84087	0.07518
0.00563	0.01477	0.74686	0.07913
0.00591	0.01265	0.67357	0.08309
0.00619	0.01065	0.59874	0.08705
0.00647	0.00991	0.56709	0.09100
0.00675	0.00869	0.51634	0.09496
0.00704	0.00775	0.48246	0.09892
0.00732	0.00718	0.46025	0.10287
0.00760	0.00649	0.42991	0.10683
0.00788	0.00583	0.40441	0.11079
0.00816	0.00510	0.37200	0.11474
0.00844	0.00491	0.36242	0.11870
0.00872	0.00454	0.34410	0.12266
0.00901	0.00420	0.32639	0.12661
0.00929	0.00382	0.30982	0.13057
0.00957	0.00359	0.29533	0.13453
0.00985	0.00325	0.27982	0.13848
0.01013	0.00307	0.26757	0.14244
0.01041	0.00302	0.26298	0.14640
0.01069	0.00272	0.24831	0.15035
0.01097	0.00270	0.24348	0.15431
0.01126	0.00230	0.22380	0.15827
0.01154	0.00239	0.22474	0.16222
0.01182	0.00224	0.21627	0.16618
0.01210	0.00222	0.21402	0.17014
0.01238	0.00215	0.20778	0.17409
0.01266	0.00201	0.19982	0.17805
0.01294	0.00179	0.18637	0.18201
0.01323	0.00172	0.18208	0.18597
0.01351	0.00160	0.17395	0.18992
0.01379	0.00154	0.16853	0.19388
0.01407	0.00174	0.17871	0.19784
0.01435	0.00163	0.17094	0.20179
0.01463	0.00163	0.17010	0.20575
0.01491	0.00149	0.16102	0.20971
0.01520	0.00143	0.15657	0.21366
0.01548	0.00139	0.15376	0.21762
0.01576	0.00140	0.15257	0.22157
0.01604	0.00129	0.14589	0.22553
0.01632	0.00127	0.14298	0.22949
0.01660	0.00113	0.13423	0.23344
0.01688	0.00111	0.13254	0.23740
0.01717	0.00111	0.13095	0.24136
0.01745	0.00116	0.13363	0.24531
0.01773	0.00115	0.13169	0.24927
0.01801	0.00108	0.12749	0.25323
0.01829	0.00113	0.12878	0.25718
0.01857	0.00104	0.12272	0.26114
0.01885	0.00099	0.11951	0.26510
0.01914	0.00098	0.11788	0.26905
0.01942	0.00105	0.12143	0.27301
0.01970	0.00095	0.11409	0.27697
0.01998	0.00086	0.10834	0.28092
0.02026	0.00097	0.11446	0.28488
0.02054	0.00087	0.10754	0.28884
0.02082	0.00087	0.10760	0.29279
0.02111	0.00086	0.10565	0.29675
0.02139	0.00082	0.10303	0.30071
0.02167	0.00079	0.10032	0.30466
0.02195	0.00083	0.10231	0.30862
0.02223	0.00075	0.09698	0.31258
0.02251	0.00074	0.09556	0.31653
0.02279	0.00075	0.09590	0.32049
0.02308	0.00073	0.09405	0.32445
0.02336	0.00070	0.09145	0.32840
0.02364	0.00071	0.09160	0.33236
0.02392	0.00063	0.08601	0.33632
0.02420	0.00062	0.08516	0.34027
0.02448	0.00065	0.08623	0.34423
0.02476	0.00063	0.08455	0.34819
0.02505	0.00064	0.08479	0.35214
0.02533	0.00062	0.08341	0.35610
0.02561	0.00064	0.08445	0.36006
0.02589	0.00058	0.07957	0.36401
0.02617	0.00053	0.07591	0.36797
0.02645	0.00057	0.07809	0.37193
0.02673	0.00053	0.07469	0.37588
0.02701	0.00055	0.07600	0.37984
0.02730	0.00059	0.07817	0.38380
0.02758	0.00059	0.07836	0.38775
0.02786	0.00050	0.07169	0.39171
0.02814	0.00050	0.07148	0.39567
0.02842	0.00052	0.07256	0.39962
0.02870	0.00055	0.07374	0.40358
0.02898	0.00051	0.07124	0.40753
0.02927	0.00047	0.06757	0.41149
0.02955	0.00049	0.06910	0.41545
0.02983	0.00045	0.06613	0.41940
0.03011	0.00045	0.06569	0.42336
0.03039	0.00047	0.06657	0.42732
0.03067	0.00043	0.06323	0.43127
0.03095	0.00047	0.06603	0.43523
0.03124	0.00040	0.06098	0.43919
0.03152	0.00043	0.06262	0.44314
0.03180	0.00045	0.06407	0.44710
0.03208	0.00046	0.06409	0.45106
0.03236	0.00042	0.06146	0.45501
0.03264	0.00043	0.06177	0.45897
0.03292	0.00037	0.05754	0.46293
0.03321	0.00040	0.05892	0.46688
0.03349	0.00040	0.05896	0.47084
0.03377	0.00039	0.05839	0.47480
0.03405	0.00044	0.06111	0.47875
0.03433	0.00038	0.05729	0.48271
0.03461	0.00039	0.05767	0.48666
0.03489	0.00040	0.05802	0.49062
0.03518	0.00041	0.05811	0.49458
0.03546	0.00034	0.05304	0.49853
0.03574	0.00040	0.05724	0.50249
0.03602	0.00039	0.05656	0.50645
0.03630	0.00037	0.05443	0.51040
0.03658	0.00037	0.05473	0.51436
0.03686	0.00034	0.05232	0.51832
0.03714	0.00036	0.05378	0.52227
0.03743	0.00032	0.05039	0.52623
0.03771	0.00033	0.05091	0.53018
0.03799	0.00033	0.05069	0.53414
0.03827	0.00032	0.04941	0.53810
0.03855	0.00034	0.05133	0.54205
0.03883	0.00033	0.04999	0.54601
0.03911	0.00033	0.04973	0.54997
0.03940	0.00036	0.05191	0.55392
0.03968	0.00032	0.04919	0.55788
0.03996	0.00030	0.04735	0.56184
0.04024	0.00030	0.04665	0.56579
0.04052	0.00028	0.04553	0.56975
0.04080	0.00036	0.05111	0.57370
0.04108	0.00026	0.04360	0.57766
0.04137	0.00028	0.04510	0.58162
0.04165	0.00026	0.04273	0.58557
0.04193	0.00026	0.04277	0.58953
0.04221	0.00027	0.04340	0.59349
0.04249	0.00026	0.04297	0.59744
0.04277	0.00028	0.04396	0.60140
0.04305	0.00026	0.04243	0.60536
0.04334	0.00027	0.04319	0.60931
0.04362	0.00028	0.04367	0.61327
0.04390	0.00027	0.04316	0.61722
0.04418	0.00026	0.04206	0.62118
0.04446	0.00028	0.04323	0.62514
0.04474	0.00032	0.04637	0.62909
0.04502	0.00027	0.04223	0.63305
0.04530	0.00024	0.03997	0.63701
0.04559	0.00027	0.04184	0.64096
0.04587	0.00025	0.04066	0.64492
0.04615	0.00027	0.04146	0.64887
0.04643	0.00026	0.04097	0.65283
0.04671	0.00028	0.04227	0.65679
0.04699	0.00029	0.04300	0.66074
0.04727	0.00030	0.04349	0.66470
0.04756	0.00025	0.03981	0.66865
0.04784	0.00025	0.03949	0.67261
0.04812	0.00024	0.03896	0.67657
0.04840	0.00025	0.03902	0.68052
0.04868	0.00022	0.03726	0.68448
0.04896	0.00023	0.03723	0.68844
0.04924	0.00025	0.03928	0.69239
0.04953	0.00025	0.03855	0.69635
0.04981	0.00025	0.03910	0.70030
0.05009	0.00022	0.03632	0.70426
0.05037	0.00021	0.03506	0.70822
0.05065	0.00024	0.03821	0.71217
0.05093	0.00025	0.03854	0.71613
0.05121	0.00025	0.03828	0.72008
0.05149	0.00029	0.04145	0.72404
0.05178	0.00028	0.04068	0.72800
0.05206	0.00024	0.03884	0.73195
0.05234	0.00023	0.03889	0.73591
0.05262	0.00026	0.04154	0.73986
0.05290	0.00027	0.04263	0.74382
0.05318	0.00023	0.03983	0.74778
0.05346	0.00026	0.04200	0.75173
0.05375	0.00027	0.04303	0.75569
0.05403	0.00025	0.04230	0.75964
0.05431	0.00027	0.04352	0.76360
0.05459	0.00024	0.04132	0.76756
0.05487	0.00025	0.04199	0.77151
0.05515	0.00024	0.04114	0.77547
0.05543	0.00025	0.04304	0.77942
0.05572	0.00023	0.04088	0.78338
0.05600	0.00022	0.03980	0.78734
0.05628	0.00024	0.04212	0.79129
0.05656	0.00025	0.04282	0.79525
0.05684	0.00025	0.04359	0.79920
0.05712	0.00027	0.04510	0.80316
0.05740	0.00025	0.04369	0.80712
0.05768	0.00026	0.04427	0.81107
0.05797	0.00025	0.04327	0.81503
0.05825	0.00025	0.04324	0.81898
0.05853	0.00024	0.04286	0.82294
0.05881	0.00022	0.04083	0.82690
0.05909	0.00023	0.04164	0.83085
0.05937	0.00023	0.04224	0.83481
0.05965	0.00022	0.04102	0.83876
0.05994	0.00023	0.04167	0.84272
0.06022	0.00021	0.04070	0.84668
0.06050	0.00018	0.03765	0.85063
0.06078	0.00020	0.03922	0.85459
0.06106	0.00023	0.04209	0.85854
0.06134	0.00023	0.04211	0.86250
0.06162	0.00024	0.04340	0.86645
0.06190	0.00023	0.04226	0.87041
0.06219	0.00021	0.04125	0.87437
0.06247	0.00022	0.04132	0.87832
0.06275	0.00022	0.04192	0.88228
0.06303	0.00022	0.04188	0.88623
0.06331	0.00024	0.04339	0.89019
0.06359	0.00023	0.04314	0.89415
0.06387	0.00026	0.04524	0.89810
0.06416	0.00020	0.04000	0.90206
0.06444	0.00020	0.04014	0.90601
0.06472	0.00024	0.04413	0.90997
0.06500	0.00020	0.04028	0.91392
0.06528	0.00016	0.03635	0.91788
0.06556	0.00021	0.04113	0.92184
0.06584	0.00024	0.04357	0.92579
0.06612	0.00021	0.04120	0.92975
0.06641	0.00020	0.04039	0.93370
0.06669	0.00017	0.03722	0.93766
0.06697	0.00021	0.04100	0.94161
0.06725	0.00020	0.04064	0.94557
0.06753	0.00022	0.04208	0.94952
0.06781	0.00021	0.04139	0.95348
0.06809	0.00020	0.04057	0.95744
0.06838	0.00020	0.04098	0.96139
0.06866	0.00020	0.04068	0.96535
0.06894	0.00023	0.04387	0.96930
0.06922	0.00019	0.03910	0.97326
0.06950	0.00019	0.03919	0.97721
0.06978	0.00022	0.04309	0.98117
0.07006	0.00021	0.04120	0.98513
0.07034	0.00023	0.04347	0.98908
0.07063	0.00019	0.03950	0.99304
0.07091	0.00018	0.03852	0.99699
0.07119	0.00020	0.04068	1.00095
0.07147	0.00017	0.03723	1.00490
0.07175	0.00021	0.04228	1.00886
0.07203	0.00018	0.03856	1.01281
0.07231	0.00019	0.04011	1.01677
0.07260	0.00021	0.04148	1.02072
0.07288	0.00019	0.03968	1.02468
0.07316	0.00018	0.03919	1.02864
0.07344	0.00017	0.03713	1.03259
0.07372	0.00017	0.03825	1.03655
0.07400	0.00017	0.03815	1.04050
0.07428	0.00019	0.04004	1.04446
0.07456	0.00019	0.04004	1.04841
0.07485	0.00019	0.03942	1.05237
0.07513	0.00019	0.04006	1.05632
0.07541	0.00023	0.04388	1.06028
0.07569	0.00022	0.04347	1.06423
0.07597	0.00019	0.03992	1.06819
0.07625	0.00018	0.03920	1.07214
0.07653	0.00016	0.03728	1.07610
0.07681	0.00019	0.03985	1.08006
0.07710	0.00020	0.04070	1.08401
0.07738	0.00023	0.04456	1.08797
0.07766	0.00023	0.04378	1.09192
0.07794	0.00021	0.04229	1.09588
0.07822	0.00022	0.04350	1.09983
0.07850	0.00018	0.03955	1.10379
0.07878	0.00019	0.03993	1.10774
0.07906	0.00016	0.03748	1.11170
0.07935	0.00016	0.03666	1.11565
0.07963	0.00018	0.03938	1.11961
0.07991	0.00018	0.03936	1.12356
0.08019	0.00020	0.04149	1.12752
0.08047	0.00019	0.04049	1.13147
0.08075	0.00020	0.04108	1.13543
0.08103	0.00018	0.03903	1.13938
0.08132	0.00017	0.03840	1.14334
0.08160	0.00020	0.04120	1.14729
0.08188	0.00015	0.03534	1.15125
0.08216	0.00021	0.04210	1.15520
0.08244	0.00016	0.03744	1.15916
0.08272	0.00019	0.04071	1.16311
0.08300	0.00018	0.03905	1.16707
0.08328	0.00019	0.04043	1.17102
0.08357	0.00020	0.04140	1.17498
0.08385	0.00021	0.04281	1.17893
0.08413	0.00021	0.04284	1.18289
0.08441	0.00019	0.04076	1.18685
0.08469	0.00020	0.04152	1.19080
0.08497	0.00018	0.03983	1.19476
0.08525	0.00020	0.04114	1.19871
0.08553	0.00018	0.03987	1.20267
0.08582	0.00019	0.04083	1.20662
0.08610	0.00019	0.04063	1.21057
0.08638	0.00020	0.04174	1.21453
0.08666	0.00017	0.03812	1.21848
0.08694	0.00016	0.03695	1.22244
0.08722	0.00019	0.04095	1.22639
0.08750	0.00021	0.04283	1.23035
0.08778	0.00017	0.03805	1.23430
0.08807	0.00017	0.03827	1.23826
0.08835	0.00019	0.04038	1.24221
0.08863	0.00017	0.03829	1.24617
0.08891	0.00015	0.03593	1.25012
0.08919	0.00015	0.03667	1.25408
0.08947	0.00015	0.03637	1.25803
0.08975	0.00015	0.03592	1.26199
0.09003	0.00014	0.03446	1.26594
0.09032	0.00020	0.04120	1.26990
0.09060	0.00020	0.04137	1.27385
0.09088	0.00023	0.04447	1.27781
0.09116	0.00021	0.04319	1.28176
0.09144	0.00016	0.03766	1.28572
0.09172	0.00018	0.03991	1.28967
0.09200	0.00017	0.03859	1.29363
0.09228	0.00016	0.03743	1.29758
0.09257	0.00021	0.04281	1.30154
0.09285	0.00019	0.04046	1.30549
0.09313	0.00018	0.03989	1.30945
0.09341	0.00017	0.03867	1.31340
0.09369	0.00019	0.04032	1.31735
0.09397	0.00018	0.03955	1.32131
0.09425	0.00020	0.04222	1.32526
0.09453	0.00019	0.04039	1.32922
0.09482	0.00019	0.04046	1.33317
0.09510	0.00019	0.04101	1.33713
0.09538	0.00022	0.04386	1.34108
0.09566	0.00019	0.04042	1.34504
0.09594	0.00019	0.04030	1.34899
0.09622	0.00017	0.03824	1.35295
0.09650	0.00018	0.04013	1.35690
0.09678	0.00017	0.03914	1.36085
0.09707	0.00013	0.03369	1.36481
0.09735	0.00014	0.03540	1.36876
0.09763	0.00017	0.03821	1.37272
0.09791	0.00018	0.03981	1.37667
0.09819	0.00016	0.03700	1.38063
0.09847	0.00016	0.03724	1.38458
0.09875	0.00018	0.04001	1.38854
0.09903	0.00020	0.04147	1.39249
0.09932	0.00020	0.04224	1.39644
0.09960	0.00021	0.04315	1.40040
0.09988	0.00017	0.03917	1.40435
0.10016	0.00019	0.04105	1.40831
0.10044	0.00019	0.04064	1.41226
0.10072	0.00017	0.03924	1.41622
0.10100	0.00016	0.03779	1.42017
0.10128	0.00016	0.03722	1.42412
0.10157	0.00015	0.03694	1.42808
0.10185	0.00017	0.03919	1.43203
0.10213	0.00016	0.03773	1.43599
0.10241	0.00014	0.03487	1.43994
0.10269	0.00014	0.03483	1.44390
0.10297	0.00014	0.03541	1.44785
0.10325	0.00016	0.03714	1.45180
0.10353	0.00018	0.03971	1.45576
0.10381	0.00021	0.04267	1.45971
0.10410	0.00020	0.04236	1.46367
0.10438	0.00018	0.03935	1.46762
0.10466	0.00017	0.03901	1.47157
0.10494	0.00016	0.03798	1.47553
0.10522	0.00022	0.04421	1.47948
0.10550	0.00020	0.04161	1.48344
0.10578	0.00018	0.03996	1.48739
0.10606	0.00015	0.03643	1.49135
0.10635	0.00017	0.03828	1.49530
0.10663	0.00016	0.03822	1.49925
0.10691	0.00016	0.03726	1.50321
0.10719	0.00017	0.03919	1.50716
0.10747	0.00018	0.03979	1.51112
0.10775	0.00020	0.04232	1.51507
0.10803	0.00020	0.04209	1.51902
0.10831	0.00017	0.03904	1.52298
0.10860	0.00021	0.04277	1.52693
0.10888	0.00019	0.04139	1.53088
0.10916	0.00016	0.03726	1.53484
0.10944	0.00014	0.03570	1.53879
0.10972	0.00016	0.03793	1.54275
0.11000	0.00017	0.03880	1.54670
0.11028	0.00015	0.03641	1.55065
0.11056	0.00019	0.04122	1.55461
0.11084	0.00018	0.04021	1.55856
0.11113	0.00018	0.04015	1.56252
0.11141	0.00021	0.04352	1.56647
0.11169	0.00016	0.03717	1.57042
0.11197	0.00019	0.04067	1.57438
0.11225	0.00019	0.04111	1.57833
0.11253	0.00021	0.04318	1.58228
0.11281	0.00018	0.04051	1.58624
0.11309	0.00017	0.03942	1.59019
0.11338	0.00018	0.03986	1.59415
0.11366	0.00017	0.03848	1.59810
0.11394	0.00018	0.03965	1.60205
0.11422	0.00019	0.04089	1.60601
0.11450	0.00019	0.04065	1.60996
0.11478	0.00016	0.03733	1.61391
0.11506	0.00016	0.03829	1.61787
0.11534	0.00018	0.04000	1.62182
0.11562	0.00019	0.04085	1.62577
0.11591	0.00018	0.04063	1.62973
0.11619	0.00018	0.03953	1.63368
0.11647	0.00022	0.04412	1.63763
0.11675	0.00022	0.04427	1.64159
0.11703	0.00018	0.04007	1.64554
0.11731	0.00016	0.03754	1.64949
0.11759	0.00019	0.04102	1.65345
0.11787	0.00018	0.04039	1.65740
0.11815	0.00013	0.03418	1.66135
0.11844	0.00017	0.03872	1.66531
0.11872	0.00015	0.03661	1.66926
0.11900	0.00016	0.03784	1.67322
0.11928	0.00019	0.04128	1.67717
0.11956	0.00021	0.04351	1.68112
0.11984	0.00017	0.03951	1.68508
0.12012	0.00018	0.03989	1.68903
0.12040	0.00019	0.04128	1.69298
0.12068	0.00018	0.03984	1.69693
0.12097	0.00017	0.03931	1.70089
0.12125	0.00019	0.04126	1.70484
0.12153	0.00018	0.04001	1.70879
0.12181	0.00020	0.04262	1.71275
0.12209	0.00022	0.04405	1.71670
0.12237	0.00016	0.03836	1.72065
0.12265	0.00021	0.04367	1.72461
0.12293	0.00021	0.04368	1.72856
0.12322	0.00020	0.04191	1.73251
0.12350	0.00016	0.03787	1.73647
0.12378	0.00022	0.04416	1.74042
0.12406	0.00022	0.04395	1.74437
0.12434	0.00019	0.04179	1.74833
0.12462	0.00013	0.03444	1.75228
0.12490	0.00015	0.03642	1.75623
0.12518	0.00015	0.03617	1.76018
0.12546	0.00015	0.03666	1.76414
0.12575	0.00017	0.03960	1.76809
0.12603	0.00017	0.03931	1.77204
0.12631	0.00014	0.03591	1.77600
0.12659	0.00018	0.04054	1.77995
0.12687	0.00019	0.04106	1.78390
0.12715	0.00019	0.04142	1.78786
0.12743	0.00018	0.04068	1.79181
0.12771	0.00018	0.04078	1.79576
0.12799	0.00017	0.03920	1.79971
0.12828	0.00016	0.03776	1.80367
0.12856	0.00015	0.03722	1.80762
0.12884	0.00016	0.03776	1.81157
0.12912	0.00012	0.03290	1.81552
0.12940	0.00015	0.03709	1.81948
0.12968	0.00016	0.03749	1.82343
0.12996	0.00016	0.03784	1.82738
0.13024	0.00017	0.03874	1.83134
0.13052	0.00018	0.03970	1.83529
0.13080	0.00015	0.03619	1.83924
0.13109	0.00021	0.04376	1.84319
0.13137	0.00019	0.04181	1.84715
0.13165	0.00017	0.03917	1.85110
0.13193	0.00020	0.04217	1.85505
0.13221	0.00016	0.03738	1.85900
0.13249	0.00016	0.03761	1.86296
0.13277	0.00018	0.04018	1.86691
0.13305	0.00015	0.03739	1.87086
0.13333	0.00014	0.03552	1.87481
0.13362	0.00017	0.03858	1.87877
0.13390	0.00016	0.03812	1.88272
0.13418	0.00018	0.03994	1.88667
0.13446	0.00014	0.03715	1.89062
0.13474	0.00017	0.04422	1.89458
0.13502	0.00020	0.05041	1.89853
0.13530	0.00018	0.04836	1.90248
0.13558	0.00014	0.04520	1.90643
0.13586	0.00014	0.04595	1.91039
0.13615	0.00016	0.05014	1.91434
0.13643	0.00019	0.05614	1.91829
0.13671	0.00020	0.05963	1.92224
0.13699	0.00021	0.06352	1.92619
0.13727	0.00015	0.05427	1.93015
0.13755	0.00015	0.05666	1.93410
0.13783	0.00015	0.05759	1.93805
0.13811	0.00012	0.05344	1.94200
0.13839	0.00014	0.05919	1.94596
0.13867	0.00016	0.06600	1.94991
0.13896	0.00018	0.07152	1.95386
0.13924	0.00019	0.07733	1.95781
0.13952	0.00016	0.07326	1.96176
0.13980	0.00014	0.07060	1.96572
0.14008	0.00011	0.06536	1.96967
0.14036	0.00013	0.07425	1.97362
0.14064	0.00021	0.09715	1.97757
0.14092	0.00021	0.10372	1.98152
0.14120	0.00014	0.08778	1.98548
0.14148	0.00016	0.09820	1.98943
0.14177	0.00017	0.10863	1.99338
0.14205	0.00009	0.08449	1.99733
0.14233	0.00012	0.10654	2.00128
0.14261	0.00018	0.14375	2.00524
0.14289	0.00008	0.10600	2.00919
0.14317	0.00020	0.19342	2.01314
0.14345	0.00012	0.17986	2.01709
0.14373	0.00013	0.25624	2.02104
0.14401	0.00000	0.00000	2.02500
